Accession	SRR17458603_1_val-Mut	SRR17458603_2_val-Mut	SRR17458604_1_val-Mut	SRR17458604_2_val-Mut	SRR17458605_1_val-Mut	SRR17458605_2_val-Mut	SRR17458606_1_val-Mut	SRR17458606_2_val-Mut	SRR17458607_1_val-Mut	SRR17458607_2_val-Mut	SRR17458608_1_val-Mut	SRR17458608_2_val-Mut	SRR17458609_1_val-Mut	SRR17458609_2_val-Mut	SRR17458610_1_val-Mut	SRR17458610_2_val-Mut	SRR17458611_1_val-Mut	SRR17458611_2_val-Mut	SRR17458612_1_val-Mut	SRR17458612_2_val-Mut	SRR17458613_1_val-Mut	SRR17458613_2_val-Mut	SRR17458614_1_val-Mut	SRR17458614_2_val-Mut	SRR17458615_1_val-Mut	SRR17458615_2_val-Mut	SRR17458616_1_val-Mut	SRR17458616_2_val-Mut	SRR17458617_1_val-Mut	SRR17458617_2_val-Mut	SRR17458618_1_val-Mut	SRR17458618_2_val-Mut	SRR17458619_1_val-Mut	SRR17458619_2_val-Mut	SRR17458620_1_val-Mut	SRR17458620_2_val-Mut	SRR17458621_1_val-Mut	SRR17458621_2_val-Mut	SRR17458622_1_val-Mut	SRR17458622_2_val-Mut	SRR17458623_1_val-Mut	SRR17458623_2_val-Mut	SRR17458624_1_val-Mut	SRR17458624_2_val-Mut	SRR17458625_1_val-Mut	SRR17458625_2_val-Mut	SRR17458626_1_val-Mut	SRR17458626_2_val-Mut	SRR17458627_1_val-Mut	SRR17458627_2_val-Mut	SRR17458628_1_val-Mut	SRR17458628_2_val-Mut	SRR17458629_1_val-Mut	SRR17458629_2_val-Mut	SRR17458630_1_val-Mut	SRR17458630_2_val-Mut	SRR17458631_1_val-Mut	SRR17458631_2_val-Mut	SRR17458632_1_val-Mut	SRR17458632_2_val-Mut	SRR17458633_1_val-Mut	SRR17458633_2_val-Mut	SRR17458634_1_val-Mut	SRR17458634_2_val-Mut	SRR17458635_1_val-Mut	SRR17458635_2_val-Mut	SRR17458636_1_val-Mut	SRR17458636_2_val-Mut	SRR17458637_1_val-Mut	SRR17458637_2_val-Mut	SRR17458638_1_val-Mut	SRR17458638_2_val-Mut	SRR17458639_1_val-Mut	SRR17458639_2_val-Mut	SRR17458640_1_val-Mut	SRR17458640_2_val-Mut	SRR17458641_1_val-Mut	SRR17458641_2_val-Mut	SRR17458642_1_val-Mut	SRR17458642_2_val-Mut	SRR17458643_1_val-Mut	SRR17458643_2_val-Mut	SRR17458644_1_val-Mut	SRR17458644_2_val-Mut	SRR17458645_1_val-Mut	SRR17458645_2_val-Mut	SRR17458646_1_val-Mut	SRR17458646_2_val-Mut	SRR17458603_1_val-WT	SRR17458603_2_val-WT	SRR17458604_1_val-WT	SRR17458604_2_val-WT	SRR17458605_1_val-WT	SRR17458605_2_val-WT	SRR17458606_1_val-WT	SRR17458606_2_val-WT	SRR17458607_1_val-WT	SRR17458607_2_val-WT	SRR17458608_1_val-WT	SRR17458608_2_val-WT	SRR17458609_1_val-WT	SRR17458609_2_val-WT	SRR17458610_1_val-WT	SRR17458610_2_val-WT	SRR17458611_1_val-WT	SRR17458611_2_val-WT	SRR17458612_1_val-WT	SRR17458612_2_val-WT	SRR17458613_1_val-WT	SRR17458613_2_val-WT	SRR17458614_1_val-WT	SRR17458614_2_val-WT	SRR17458615_1_val-WT	SRR17458615_2_val-WT	SRR17458616_1_val-WT	SRR17458616_2_val-WT	SRR17458617_1_val-WT	SRR17458617_2_val-WT	SRR17458618_1_val-WT	SRR17458618_2_val-WT	SRR17458619_1_val-WT	SRR17458619_2_val-WT	SRR17458620_1_val-WT	SRR17458620_2_val-WT	SRR17458621_1_val-WT	SRR17458621_2_val-WT	SRR17458622_1_val-WT	SRR17458622_2_val-WT	SRR17458623_1_val-WT	SRR17458623_2_val-WT	SRR17458624_1_val-WT	SRR17458624_2_val-WT	SRR17458625_1_val-WT	SRR17458625_2_val-WT	SRR17458626_1_val-WT	SRR17458626_2_val-WT	SRR17458627_1_val-WT	SRR17458627_2_val-WT	SRR17458628_1_val-WT	SRR17458628_2_val-WT	SRR17458629_1_val-WT	SRR17458629_2_val-WT	SRR17458630_1_val-WT	SRR17458630_2_val-WT	SRR17458631_1_val-WT	SRR17458631_2_val-WT	SRR17458632_1_val-WT	SRR17458632_2_val-WT	SRR17458633_1_val-WT	SRR17458633_2_val-WT	SRR17458634_1_val-WT	SRR17458634_2_val-WT	SRR17458635_1_val-WT	SRR17458635_2_val-WT	SRR17458636_1_val-WT	SRR17458636_2_val-WT	SRR17458637_1_val-WT	SRR17458637_2_val-WT	SRR17458638_1_val-WT	SRR17458638_2_val-WT	SRR17458639_1_val-WT	SRR17458639_2_val-WT	SRR17458640_1_val-WT	SRR17458640_2_val-WT	SRR17458641_1_val-WT	SRR17458641_2_val-WT	SRR17458642_1_val-WT	SRR17458642_2_val-WT	SRR17458643_1_val-WT	SRR17458643_2_val-WT	SRR17458644_1_val-WT	SRR17458644_2_val-WT	SRR17458645_1_val-WT	SRR17458645_2_val-WT	SRR17458646_1_val-WT	SRR17458646_2_val-WT
A109T:Mycobacterium tuberculosis katG mutations conferring resistance to isoniazid	0	0	0	0	0	0	0	0	0	0	0	0	0	0	0	0	0	0	0	0	0	0	0	0	0	0	1	0	0	0	0	0	0	0	0	0	0	0	0	0	0	0	0	0	0	0	0	0	0	0	0	0	0	0	0	0	0	0	0	0	0	0	0	0	0	0	0	0	0	0	0	0	0	0	0	0	0	0	0	0	0	0	0	0	0	0	0	0	0	1	0	2	0	1	1	0	1	0	1	0	1	0	3	0	3	0	0	0	2	0	0	0	0	0	0	1	0	1	0	1	0	0	0	0	1	0	0	0	0	0	1	1	0	0	0	1	0	0	0	0	0	0	1	1	1	1	0	0	1	0	0	0	0	0	0	0	0	2	0	0	0	0	1	1	1	0	0	0	0	0	0	0	0	0	0	0
A314G:Mycobacterium tuberculosis embB mutant conferring resistance to ethambutol	0	0	0	0	0	0	0	0	0	0	0	0	0	0	0	0	0	0	0	0	0	0	0	0	0	0	0	0	0	0	0	1	0	0	0	0	0	0	0	0	0	0	0	0	0	0	0	0	0	0	0	0	0	0	0	0	0	0	0	0	0	0	0	0	0	0	0	0	0	0	0	0	0	0	0	0	0	0	0	0	0	0	0	0	0	0	0	0	0	0	0	0	0	0	0	0	0	0	0	0	0	0	0	0	0	0	0	0	0	0	0	0	0	0	0	0	0	0	0	0	0	0	0	0	0	0	0	0	0	0	0	0	0	0	0	0	0	0	0	0	0	0	0	0	0	0	0	0	0	0	0	0	0	0	0	0	0	0	0	0	0	0	0	0	0	0	0	0	0	0	0	0	0	0	0	0
A67S+D87V:Escherichia coli gyrA conferring resistance to fluoroquinolones	0	0	0	0	0	0	1	0	0	0	0	0	0	0	0	0	0	0	0	0	0	0	0	0	0	0	0	0	0	0	0	0	0	0	0	0	0	0	0	0	0	0	0	0	0	0	0	0	0	0	0	0	0	0	0	0	0	0	0	0	0	0	0	0	0	0	0	0	0	0	0	0	0	0	0	0	0	0	0	0	0	0	0	0	0	0	0	0	10	12	3	2	0	4	90	97	2	2	2	0	0	0	65	77	107	83	3	0	1	2	0	0	2	1	118	93	118	93	3	2	106	79	109	107	89	91	121	135	3	2	2	1	35	37	99	106	94	85	3	2	85	82	0	0	96	85	1	0	1	7	0	1	225	240	151	131	2	5	2	3	234	216	3	1	1	5	4	3	2	4	0	2	4	2	1	5
A67S+D87Y:Escherichia coli gyrA conferring resistance to fluoroquinolones	0	0	0	0	0	0	0	0	0	0	0	0	0	0	0	0	0	0	0	0	0	0	0	0	0	0	0	0	0	0	0	0	0	0	0	0	0	0	0	0	0	0	0	0	0	0	0	0	0	0	0	0	0	0	0	0	0	0	0	0	0	0	0	0	0	0	0	1	0	0	0	0	0	0	0	1	0	0	0	0	0	0	0	0	0	0	0	0	10	12	3	2	0	4	90	97	2	2	2	0	0	0	65	77	107	83	3	0	1	2	0	0	2	1	118	93	118	93	3	2	106	79	109	107	89	91	121	135	3	2	2	1	35	37	99	106	94	85	3	2	85	82	0	0	96	85	1	0	1	7	0	1	225	240	151	131	2	5	2	3	234	216	3	1	1	5	4	3	2	4	0	2	4	2	1	5
A67S+S83I:Escherichia coli gyrA conferring resistance to fluoroquinolones	0	0	0	0	0	0	0	0	0	0	0	0	0	0	0	0	0	0	0	0	0	0	0	0	0	0	0	0	0	0	0	0	0	0	0	0	0	0	0	1	0	0	0	0	0	0	0	0	0	0	0	0	0	0	0	0	0	0	0	0	0	0	0	0	0	0	0	0	0	0	0	0	0	0	0	0	0	0	0	0	0	0	0	0	0	0	0	0	10	12	3	2	0	4	90	97	2	2	2	0	0	0	65	77	107	83	3	0	1	2	0	0	2	1	118	93	118	93	3	2	106	79	109	107	89	91	121	135	3	2	2	1	35	37	99	106	94	85	3	2	85	82	0	0	96	85	1	0	1	7	0	1	225	240	151	131	2	5	2	3	234	216	3	1	1	5	4	3	2	4	0	2	4	2	1	5
A67T+V90I:Staphylococcus aureus fusA with mutation conferring resistance to fusidic acid	0	0	0	0	0	0	0	0	0	0	0	0	0	0	0	0	0	0	0	0	0	0	0	0	0	0	0	0	0	0	0	0	0	0	0	0	0	0	0	0	0	0	0	0	0	0	0	0	0	0	0	0	0	0	0	0	0	0	0	0	0	0	0	0	0	1	0	0	0	0	0	0	0	0	0	0	0	0	0	0	0	0	0	0	0	0	0	0	0	0	0	0	0	0	1	1	0	0	0	0	0	0	0	0	0	0	0	0	0	0	0	0	0	0	0	0	0	0	0	0	0	0	0	0	0	0	0	0	0	0	0	0	0	0	0	0	0	0	0	0	0	0	0	0	0	0	0	0	0	0	0	0	0	0	0	0	0	0	0	0	6	4	0	0	0	0	0	0	0	0	0	0	0	0	0	0
D244Y:Clostridioides difficile rpoC with mutation conferring resistance to vancomycin	0	0	16	16	1	0	0	0	0	0	0	1	0	1	1	0	0	0	0	0	0	0	0	0	1	0	0	0	0	0	0	0	0	0	0	0	0	0	0	0	1	0	6	6	0	0	0	0	0	0	0	0	0	0	0	0	0	0	0	0	24	27	0	1	0	0	0	0	0	0	0	0	0	0	0	1	16	13	0	0	0	1	1	2	1	2	1	0	0	0	0	0	0	0	0	0	0	0	0	0	0	0	0	0	0	0	0	0	0	0	0	0	0	0	0	0	0	0	0	0	0	0	0	0	0	0	0	0	0	0	0	0	0	0	0	0	0	0	0	0	0	0	0	0	0	0	0	0	0	0	0	0	0	0	0	0	0	0	0	0	0	0	0	0	0	0	0	0	0	0	0	0	0	0	0	0
D34N:Helicobacter pylori gyrA conferring resistance to fluoroquinolones	0	0	0	0	0	0	0	0	0	0	0	0	0	0	0	0	0	0	0	0	0	0	0	0	0	0	0	0	0	0	0	0	0	0	0	0	0	0	0	0	0	0	0	0	0	0	0	0	0	0	0	0	0	0	0	0	0	0	0	0	1	0	0	0	0	0	0	0	0	0	0	0	0	0	0	0	0	0	0	0	0	0	0	0	0	0	0	0	0	0	0	0	0	0	0	0	0	0	0	0	0	1	0	0	0	0	0	0	0	0	0	0	0	0	0	0	0	0	0	0	0	0	0	0	0	0	0	0	1	0	0	0	0	0	0	0	0	0	0	0	0	0	0	0	0	0	1	0	0	1	1	0	0	0	0	0	0	0	0	0	0	0	0	0	1	0	0	0	0	0	0	0	0	0	0	0
D476N:Escherichia coli parE conferring resistance to fluoroquinolones	0	0	0	0	0	0	0	0	0	0	0	0	0	0	0	0	0	0	0	0	0	0	0	0	0	0	0	0	0	0	0	0	0	0	0	0	0	0	0	0	0	0	0	0	0	0	0	0	0	0	0	0	0	0	0	0	0	0	0	0	0	0	0	0	0	0	0	0	0	0	0	0	0	0	0	0	0	0	0	0	0	0	0	0	0	1	0	0	0	0	0	0	0	0	0	0	0	0	0	0	0	0	0	1	0	0	0	0	0	0	0	0	0	0	0	0	0	0	0	0	0	0	0	0	0	0	0	0	0	0	0	0	0	0	0	0	0	0	0	1	0	0	0	0	0	0	0	0	0	0	0	0	0	0	0	0	0	0	0	0	0	0	0	0	0	0	0	0	0	0	0	0	0	1	0	0
G124S+M126I+A139V:Mycobacterium tuberculosis katG mutations conferring resistance to isoniazid	0	0	0	0	0	0	0	0	0	0	0	0	0	0	0	0	0	0	0	0	0	0	0	0	0	0	0	0	0	0	1	0	0	0	0	0	0	0	0	0	0	0	0	0	0	0	0	0	0	0	0	0	0	0	0	0	0	0	0	0	0	0	0	0	0	0	0	0	0	0	0	0	0	0	0	0	0	0	0	0	0	0	0	0	0	0	0	0	0	1	0	2	0	1	1	0	1	0	1	0	1	0	3	0	3	0	0	0	2	0	0	0	0	0	0	1	0	1	0	1	0	0	0	0	1	0	0	0	0	0	1	1	0	0	0	1	0	0	0	0	0	0	1	1	1	1	0	0	1	0	0	0	0	0	0	0	0	2	0	0	0	0	1	1	1	0	0	0	0	0	0	0	0	0	0	0
G124S:Bartonella bacilliformis gyrB conferring resistance to aminocoumarin	1	3	1	0	0	2	0	0	1	0	0	0	1	0	0	0	0	0	1	1	0	1	1	0	1	0	0	0	0	0	0	0	0	0	0	0	0	0	0	0	1	1	0	0	2	4	0	0	0	0	0	0	0	1	1	0	0	0	0	0	3	1	2	3	0	0	0	0	2	0	0	1	0	0	3	1	2	0	0	3	1	4	0	0	3	0	0	0	0	0	0	0	0	0	0	0	0	0	0	0	0	0	0	0	0	0	0	0	0	0	0	0	0	0	0	0	0	0	0	0	0	0	0	0	0	0	0	0	0	0	0	0	0	0	0	0	0	0	0	0	0	0	0	0	0	0	0	0	0	0	0	0	0	0	0	0	0	0	0	0	0	0	0	0	0	0	0	0	0	0	0	0	0	0	0	0
G124S:Mycobacterium tuberculosis katG mutations conferring resistance to isoniazid	1	0	0	0	0	0	0	0	0	0	0	0	0	0	0	0	0	0	0	0	0	0	0	0	1	0	0	0	0	0	0	0	0	0	0	0	0	0	0	0	0	0	0	0	0	0	0	0	0	0	0	0	0	0	0	0	0	0	0	0	0	0	0	0	0	0	0	0	0	0	0	0	0	0	0	0	0	0	0	0	0	0	0	0	0	0	0	0	0	1	0	2	0	1	1	0	1	0	1	0	1	0	3	0	3	0	0	0	2	0	0	0	0	0	0	1	0	1	0	1	0	0	0	0	1	0	0	0	0	0	1	1	0	0	0	1	0	0	0	0	0	0	1	1	1	1	0	0	1	0	0	0	0	0	0	0	0	2	0	0	0	0	1	1	1	0	0	0	0	0	0	0	0	0	0	0
G316D:Escherichia coli EF-Tu mutants conferring resistance to Enacyloxin IIa	0	0	0	0	0	0	0	0	0	0	0	0	0	0	0	0	0	0	0	0	0	0	0	0	0	0	0	0	0	0	0	0	0	0	0	0	0	0	0	0	0	0	0	1	0	0	0	0	0	0	0	0	0	0	0	0	0	0	0	0	0	0	0	0	0	0	0	0	0	0	0	0	0	0	0	0	0	0	0	0	0	0	0	0	0	0	0	0	0	0	0	0	0	0	0	0	0	0	0	0	0	0	0	0	0	0	0	0	0	0	0	0	0	0	1	0	0	0	0	0	0	0	0	0	0	0	0	0	0	0	0	0	0	0	0	0	0	0	0	0	0	0	0	0	0	0	0	0	0	0	0	0	0	0	0	0	0	0	0	0	0	0	0	0	0	0	0	0	0	0	0	0	0	0	0	0
G433S+K445R:Mycobacterium tuberculosis rpoC mutations confer resistance to rifampicin	0	0	0	0	0	0	0	0	0	0	0	0	0	0	0	0	0	0	0	0	0	0	0	0	0	0	0	0	0	0	0	0	0	0	0	0	0	0	0	0	0	0	0	0	0	0	0	0	0	0	0	0	0	0	0	0	0	0	0	0	0	0	1	0	0	0	0	0	0	0	0	0	0	0	0	0	0	0	0	0	0	0	0	0	0	0	0	0	18	18	87	72	25	29	0	0	11	11	16	15	36	33	5	8	8	10	24	23	13	19	9	11	14	17	1	0	0	1	13	15	0	0	1	2	1	0	0	0	31	28	78	79	50	54	0	0	1	0	7	8	7	7	12	9	5	4	13	16	60	67	56	49	2	0	1	1	70	50	19	11	6	2	11	14	62	60	30	34	34	27	12	14	41	46	25	21
H502L:Clostridioides difficile rpoB with mutation conferring resistance to rifampicin	0	0	0	0	0	0	0	0	0	0	0	0	0	0	0	0	0	0	0	0	0	0	0	0	0	0	0	0	0	0	0	0	0	0	0	0	0	0	0	0	0	0	0	0	0	0	0	0	0	0	0	0	0	0	0	0	0	0	0	0	0	0	0	0	0	0	0	0	0	0	0	0	0	0	0	0	0	0	1	0	0	0	0	0	0	0	0	0	53	43	13	23	30	27	0	0	15	21	20	30	45	39	5	7	8	7	6	3	30	13	17	17	16	10	1	0	0	0	2	12	0	1	0	0	2	1	2	1	17	21	17	13	45	30	0	0	0	0	16	8	2	5	21	25	3	6	19	22	5	10	33	27	0	5	0	0	44	33	20	10	0	2	22	26	15	13	53	38	66	67	20	15	43	29	16	21
H80P:Shigella flexneri gyrA conferring resistance to fluoroquinolones	0	0	0	0	0	0	1	0	0	0	0	0	0	0	0	1	0	1	0	0	0	0	0	0	0	0	0	0	0	0	0	0	0	0	0	1	0	0	0	0	0	0	0	0	0	0	0	0	1	0	0	0	0	0	0	0	0	0	0	0	0	0	0	0	0	0	0	0	0	0	0	0	1	0	0	0	0	0	0	0	0	0	0	0	0	0	0	0	0	2	1	1	1	1	28	26	0	2	2	3	0	0	22	28	31	35	0	0	0	1	0	0	0	0	53	41	30	35	3	3	37	39	32	36	33	30	21	38	0	0	0	1	11	10	44	28	28	29	1	1	36	30	0	0	36	37	0	0	1	2	0	1	44	44	50	52	9	3	2	2	80	65	2	1	1	4	1	3	1	0	0	0	0	0	0	2
H80R+T83I:Pseudomonas aeruginosa gyrA conferring resistance to fluoroquinolones	0	0	0	0	0	0	0	0	0	0	0	0	0	0	0	0	0	0	0	0	0	0	0	0	0	0	0	0	0	0	0	0	0	0	1	0	0	0	0	1	0	0	0	0	0	0	0	0	0	0	0	0	0	0	0	0	0	0	0	0	0	0	0	0	0	0	0	0	0	0	0	0	0	0	0	0	0	0	0	0	0	0	0	0	0	0	0	0	7	5	6	4	2	1	39	27	1	1	0	1	0	0	28	22	20	25	14	14	0	1	0	1	0	0	39	36	38	41	7	7	30	39	43	38	30	32	33	33	7	10	1	0	3	5	31	42	37	42	2	0	23	29	0	0	18	17	0	0	2	1	5	8	87	83	51	42	3	7	6	3	64	88	0	0	0	0	1	1	1	1	0	1	1	0	4	7
K446R:Mycobacterium tuberculosis rpoB with mutations conferring resistance to rifampicin	0	0	0	0	0	0	0	0	0	0	1	0	0	0	0	0	0	0	0	0	1	0	1	0	0	0	0	0	0	0	0	0	0	0	0	0	0	0	0	0	0	0	1	0	0	0	0	0	0	0	0	0	0	0	0	0	0	0	0	0	0	0	0	0	0	0	1	0	10	5	1	0	0	0	0	0	0	0	1	0	2	0	0	0	0	0	0	0	0	4	3	1	0	0	0	0	2	0	0	0	0	0	1	0	0	0	0	0	2	1	3	7	4	0	0	1	0	0	3	1	0	0	2	0	0	0	0	0	2	1	1	7	0	0	0	0	0	0	1	3	0	0	0	0	0	0	0	0	2	4	0	0	0	0	0	1	7	6	1	1	1	5	0	1	0	3	3	5	2	0	0	0	0	0	0	1
K450N:Neisseria gonorrhoeae gyrB conferring resistance to zoliflodacin	0	0	0	0	0	0	0	0	0	0	0	0	0	0	0	0	0	0	0	0	0	0	0	0	0	0	0	0	0	0	0	0	0	0	0	0	0	0	0	0	0	0	0	0	0	0	0	0	0	0	0	0	0	1	0	0	0	0	0	0	0	0	0	0	0	0	0	0	0	0	0	0	0	0	0	0	0	0	0	0	0	0	0	0	0	0	0	0	0	0	0	0	0	0	0	0	0	0	0	0	0	0	0	2	0	1	4	0	0	0	0	0	0	0	1	0	0	0	0	0	1	0	0	0	0	0	0	0	2	2	0	1	1	1	0	0	0	1	0	0	0	0	0	0	0	0	0	0	1	0	0	0	0	0	0	0	0	0	1	0	0	0	1	0	0	0	0	0	0	0	0	0	0	0	0	3
K88R:Mycobacterium tuberculosis rpsL mutations conferring resistance to Streptomycin	0	0	0	0	0	0	0	0	0	0	0	0	0	0	0	0	0	0	0	0	0	0	1	0	0	0	0	0	0	0	0	0	0	0	0	0	0	0	0	0	1	0	0	0	0	0	0	0	0	0	0	0	0	0	0	0	0	0	0	0	0	0	0	0	0	0	0	0	0	0	0	0	0	0	0	0	0	0	0	0	0	0	0	0	0	0	0	0	0	0	0	0	0	0	0	0	0	0	0	0	0	0	1	0	2	0	0	0	1	0	0	0	1	2	0	0	0	0	0	0	0	0	0	0	0	0	0	0	0	0	2	2	1	0	0	0	0	0	0	0	0	0	0	0	0	0	1	0	0	0	0	0	0	0	0	0	0	0	1	0	1	4	0	0	0	0	0	0	0	1	0	0	1	0	0	0
L121Q:Escherichia coli EF-Tu mutants conferring resistance to kirromycin	0	0	0	0	0	0	0	0	0	0	0	0	0	0	0	0	0	1	0	0	0	0	0	0	0	0	0	0	0	0	0	0	0	0	0	0	0	0	0	0	0	0	0	0	0	0	0	0	0	0	0	0	0	0	0	0	0	0	0	0	0	0	0	0	0	0	1	1	0	0	0	0	0	1	0	0	0	0	0	0	0	0	0	0	0	0	0	0	1	6	5	1	0	1	180	194	0	2	1	0	0	0	244	230	243	243	2	1	0	2	3	3	1	2	163	153	129	131	15	19	133	151	173	168	132	137	142	158	0	2	4	3	7	2	130	156	143	144	5	6	194	184	0	0	177	186	4	0	5	4	0	0	274	254	219	181	2	2	2	0	327	287	0	2	1	2	1	1	0	0	1	1	3	1	1	0
N296H+A314G:Mycobacterium tuberculosis embB mutant conferring resistance to ethambutol	0	0	0	0	0	0	0	0	0	0	0	0	0	0	0	0	0	0	0	0	0	0	0	0	0	0	0	0	0	0	0	0	0	0	0	0	0	0	0	0	0	0	0	1	0	0	0	0	0	0	0	0	0	0	0	0	0	0	0	0	0	0	0	0	0	0	0	0	0	0	0	0	0	0	0	0	0	0	0	0	0	0	0	0	0	0	0	0	0	0	0	0	0	0	0	0	0	0	0	0	0	0	0	0	0	0	0	0	0	0	0	0	0	0	0	0	0	0	0	0	0	0	0	0	0	0	0	0	0	0	0	0	0	0	0	0	0	0	0	0	0	0	0	0	0	0	0	0	0	0	0	0	0	0	0	0	0	0	0	0	0	0	0	0	0	0	0	0	0	0	0	0	0	0	0	0
N437I:Mycobacterium tuberculosis rpoB with mutations conferring resistance to rifampicin	0	0	0	0	0	0	0	0	0	0	0	0	0	0	0	0	0	0	0	0	0	0	0	0	0	1	0	0	0	0	0	0	0	0	0	0	0	0	0	0	0	0	0	0	0	0	0	0	0	0	0	0	0	0	0	0	0	0	0	0	0	0	0	0	0	0	0	0	0	0	0	0	0	0	0	0	0	0	2	1	0	0	0	0	0	0	0	0	0	4	3	1	0	0	0	0	2	0	0	0	0	0	1	0	0	0	0	0	2	1	3	7	4	0	0	1	0	0	3	1	0	0	2	0	0	0	0	0	2	1	1	7	0	0	0	0	0	0	1	3	0	0	0	0	0	0	0	0	2	4	0	0	0	0	0	1	7	6	1	1	1	5	0	1	0	3	3	5	2	0	0	0	0	0	0	1
N437Y:Mycobacterium tuberculosis rpoB with mutations conferring resistance to rifampicin	0	0	0	0	0	0	0	0	0	0	0	0	0	0	0	0	0	0	0	0	0	0	1	0	0	1	0	0	0	0	0	0	0	0	0	0	0	0	0	0	0	0	0	1	0	0	0	0	0	0	1	0	0	0	0	0	0	0	0	0	0	0	0	0	0	0	0	0	0	1	0	0	0	0	0	0	0	0	1	0	0	0	0	0	0	0	0	0	0	4	3	1	0	0	0	0	2	0	0	0	0	0	1	0	0	0	0	0	2	1	3	7	4	0	0	1	0	0	3	1	0	0	2	0	0	0	0	0	2	1	1	7	0	0	0	0	0	0	1	3	0	0	0	0	0	0	0	0	2	4	0	0	0	0	0	1	7	6	1	1	1	5	0	1	0	3	3	5	2	0	0	0	0	0	0	1
Q1073R:Clostridioides difficile rpoB with mutation conferring resistance to rifampicin	34	32	4	3	33	32	0	0	5	9	9	14	39	41	4	7	9	6	2	3	14	10	8	9	6	11	0	0	0	0	1	2	0	0	1	0	0	0	0	0	17	19	4	6	11	7	0	0	0	0	7	3	1	7	14	16	2	3	14	9	4	2	21	24	2	1	1	0	11	11	7	8	0	0	20	28	1	4	37	37	56	58	19	4	24	33	17	21	53	43	13	23	30	27	0	0	15	21	20	30	45	39	5	7	8	7	6	3	30	13	17	17	16	10	1	0	0	0	2	12	0	1	0	0	2	1	2	1	17	21	17	13	45	30	0	0	0	0	16	8	2	5	21	25	3	6	19	22	5	10	33	27	0	5	0	0	44	33	20	10	0	2	22	26	15	13	53	38	66	67	20	15	43	29	16	21
Q124K:Escherichia coli EF-Tu mutants conferring resistance to Enacyloxin IIa	0	0	0	0	0	0	0	0	0	0	0	0	0	0	0	0	0	0	0	0	0	0	0	0	0	0	0	0	0	0	0	0	0	0	0	0	0	0	0	0	0	0	0	0	0	0	0	0	0	0	0	0	0	1	0	0	0	0	0	0	0	0	0	0	0	0	0	0	0	0	0	0	0	0	0	0	0	0	0	0	0	0	0	0	0	0	0	0	0	0	0	0	0	0	0	0	0	0	0	0	0	0	0	0	0	0	0	0	0	0	0	0	0	0	1	0	0	0	0	0	0	0	0	0	0	0	0	0	0	0	0	0	0	0	0	0	0	0	0	0	0	0	0	0	0	0	0	0	0	0	0	0	0	0	0	0	0	0	0	0	0	0	0	0	0	0	0	0	0	0	0	0	0	0	0	0
Q513P+L533P:Escherichia coli rpoB mutants conferring resistance to rifampicin	0	0	0	0	0	0	0	0	0	0	0	0	0	0	0	0	0	0	0	0	0	0	0	0	0	0	0	0	0	0	0	0	0	0	0	0	0	0	0	0	1	0	0	0	0	0	0	0	0	0	0	0	0	0	0	0	0	0	0	0	0	0	0	0	0	0	0	0	0	0	0	0	0	0	0	0	0	0	0	0	0	0	0	0	0	0	0	0	37	41	78	77	28	18	305	310	13	15	11	10	32	29	189	201	241	230	20	38	13	8	6	7	8	12	286	283	300	302	38	20	298	281	319	320	283	282	329	365	16	20	120	84	67	71	293	294	294	285	9	10	222	183	14	12	189	181	28	21	90	107	39	34	553	548	394	360	33	29	11	12	678	586	15	6	81	79	26	26	30	40	14	4	36	22	29	16
Q513P+R529S+L533P:Escherichia coli rpoB mutants conferring resistance to rifampicin	0	0	0	0	0	0	0	0	0	0	0	0	0	0	0	0	0	0	0	0	0	0	0	0	0	0	0	0	0	0	0	0	0	0	0	0	0	0	1	0	0	0	0	0	0	0	0	0	0	0	0	0	0	0	0	0	0	0	0	0	0	0	0	0	0	0	0	0	0	0	0	0	1	0	0	0	0	0	0	0	0	0	0	0	0	0	0	0	37	41	78	77	28	18	305	310	13	15	11	10	32	29	189	201	241	230	20	38	13	8	6	7	8	12	286	283	300	302	38	20	298	281	319	320	283	282	329	365	16	20	120	84	67	71	293	294	294	285	9	10	222	183	14	12	189	181	28	21	90	107	39	34	553	548	394	360	33	29	11	12	678	586	15	6	81	79	26	26	30	40	14	4	36	22	29	16
Q513P+R529S:Escherichia coli rpoB mutants conferring resistance to rifampicin	0	0	0	0	0	0	0	0	0	0	0	0	0	0	0	0	0	0	0	0	0	0	0	0	0	0	0	0	0	0	0	0	0	0	0	0	0	0	0	0	0	0	0	0	0	0	0	0	0	0	0	0	0	0	0	0	0	0	0	0	0	0	0	0	0	0	0	1	0	0	0	0	0	0	0	0	0	0	0	0	0	0	0	0	0	0	0	0	37	41	78	77	28	18	305	310	13	15	11	10	32	29	189	201	241	230	20	38	13	8	6	7	8	12	286	283	300	302	38	20	298	281	319	320	283	282	329	365	16	20	120	84	67	71	293	294	294	285	9	10	222	183	14	12	189	181	28	21	90	107	39	34	553	548	394	360	33	29	11	12	678	586	15	6	81	79	26	26	30	40	14	4	36	22	29	16
R231C+R234F:Escherichia coli EF-Tu mutants conferring resistance to Pulvomycin	0	0	0	0	0	1	1	0	0	0	0	0	0	0	0	0	0	0	0	0	0	0	0	0	0	0	0	0	1	0	0	1	0	0	0	0	0	0	0	0	0	0	0	0	5	1	0	0	0	0	0	1	0	0	0	0	0	0	0	1	0	0	0	0	1	1	1	0	0	0	0	0	1	0	0	0	0	0	0	0	0	0	0	0	0	0	0	0	3	8	6	3	1	0	38	45	0	0	2	0	0	0	21	25	36	37	7	9	1	1	0	2	1	1	27	35	31	34	11	2	38	29	47	33	32	38	28	32	1	1	4	1	1	0	29	31	41	37	3	0	28	24	0	0	27	28	1	1	5	4	3	1	56	64	49	55	4	5	3	8	80	86	4	1	4	4	0	2	1	2	1	4	2	0	3	2
R231V+R234F:Escherichia coli EF-Tu mutants conferring resistance to Pulvomycin	0	0	0	0	0	0	0	1	0	0	0	0	0	0	0	0	0	0	0	0	0	0	0	0	0	0	0	0	0	0	0	0	0	0	0	0	0	0	0	0	0	0	0	0	0	0	0	0	0	0	0	0	0	0	0	0	0	0	0	0	0	0	0	0	0	0	0	0	0	0	0	0	0	0	0	0	0	0	0	0	0	0	0	0	0	0	0	0	3	8	6	3	1	0	38	45	0	0	2	0	0	0	21	25	36	37	7	9	1	1	0	2	1	1	27	35	31	34	11	2	38	29	47	33	32	38	28	32	1	1	4	1	1	0	29	31	41	37	3	0	28	24	0	0	27	28	1	1	5	4	3	1	56	64	49	55	4	5	3	8	80	86	4	1	4	4	0	2	1	2	1	4	2	0	3	2
R334C:Escherichia coli EF-Tu mutants conferring resistance to Pulvomycin	0	0	0	0	0	0	0	0	0	0	0	0	0	0	0	0	0	0	0	0	0	0	0	0	0	0	0	0	0	0	0	0	0	0	0	0	0	0	0	0	0	0	0	0	0	0	0	0	0	0	0	0	0	0	0	0	1	0	0	0	0	0	0	0	0	0	0	1	0	0	0	0	0	0	0	0	0	0	0	0	0	0	0	0	0	0	0	0	3	8	6	3	1	0	38	45	0	0	2	0	0	0	21	25	36	37	7	9	1	1	0	2	1	1	27	35	31	34	11	2	38	29	47	33	32	38	28	32	1	1	4	1	1	0	29	31	41	37	3	0	28	24	0	0	27	28	1	1	5	4	3	1	56	64	49	55	4	5	3	8	80	86	4	1	4	4	0	2	1	2	1	4	2	0	3	2
R687H:Escherichia coli rpoB mutants conferring resistance to rifampicin	0	0	0	0	0	0	0	0	0	0	0	0	0	0	0	0	0	0	0	0	0	0	0	0	0	0	0	0	0	0	0	0	0	0	0	0	0	0	0	0	0	0	0	0	0	0	1	1	0	0	0	0	0	0	0	0	0	0	0	0	0	0	0	0	0	0	0	0	0	0	0	0	0	0	0	0	0	0	0	0	0	0	0	0	0	0	0	0	37	41	78	77	28	18	305	310	13	15	11	10	32	29	189	201	241	230	20	38	13	8	6	7	8	12	286	283	300	302	38	20	298	281	319	320	283	282	329	365	16	20	120	84	67	71	293	294	294	285	9	10	222	183	14	12	189	181	28	21	90	107	39	34	553	548	394	360	33	29	11	12	678	586	15	6	81	79	26	26	30	40	14	4	36	22	29	16
S140N:Mycobacterium tuberculosis katG mutations conferring resistance to isoniazid	0	0	1	0	0	0	0	0	0	0	0	0	0	0	0	0	0	2	0	0	0	0	0	0	1	0	0	0	0	0	0	0	0	0	0	0	0	0	0	0	0	0	0	0	0	0	0	0	0	0	0	0	0	0	0	0	0	0	0	0	0	0	0	0	0	0	0	0	0	0	0	0	0	0	0	0	0	1	0	0	0	0	0	0	0	0	0	0	0	1	0	2	0	1	1	0	1	0	1	0	1	0	3	0	3	0	0	0	2	0	0	0	0	0	0	1	0	1	0	1	0	0	0	0	1	0	0	0	0	0	1	1	0	0	0	1	0	0	0	0	0	0	1	1	1	1	0	0	1	0	0	0	0	0	0	0	0	2	0	0	0	0	1	1	1	0	0	0	0	0	0	0	0	0	0	0
S441A:Mycobacterium tuberculosis rpoB with mutations conferring resistance to rifampicin	0	0	1	0	0	0	0	0	0	0	0	0	0	0	0	0	0	0	0	0	0	0	0	0	0	0	0	0	0	0	0	0	0	0	0	0	0	0	0	0	0	0	0	0	0	0	0	0	0	0	0	0	0	0	0	0	0	0	0	0	0	0	0	0	0	0	0	0	0	0	0	0	2	1	0	0	0	0	0	0	0	0	0	0	0	0	0	0	0	4	3	1	0	0	0	0	2	0	0	0	0	0	1	0	0	0	0	0	2	1	3	7	4	0	0	1	0	0	3	1	0	0	2	0	0	0	0	0	2	1	1	7	0	0	0	0	0	0	1	3	0	0	0	0	0	0	0	0	2	4	0	0	0	0	0	1	7	6	1	1	1	5	0	1	0	3	3	5	2	0	0	0	0	0	0	1
S441Q:Mycobacterium tuberculosis rpoB with mutations conferring resistance to rifampicin	0	0	0	0	0	0	0	0	0	0	0	0	0	0	0	0	0	0	0	0	0	0	0	0	0	0	0	0	0	0	0	0	0	0	0	0	0	0	0	0	0	0	1	0	0	0	0	0	0	0	0	0	0	0	0	0	0	0	0	0	0	0	0	0	0	0	0	0	0	0	0	0	0	0	0	0	0	0	0	0	0	0	0	0	0	0	0	0	0	4	3	1	0	0	0	0	2	0	0	0	0	0	1	0	0	0	0	0	2	1	3	7	4	0	0	1	0	0	3	1	0	0	2	0	0	0	0	0	2	1	1	7	0	0	0	0	0	0	1	3	0	0	0	0	0	0	0	0	2	4	0	0	0	0	0	1	7	6	1	1	1	5	0	1	0	3	3	5	2	0	0	0	0	0	0	1
S456L:Mycobacterium tuberculosis rpoB with mutations conferring resistance to rifampicin	0	0	0	0	0	0	0	0	0	0	0	0	0	0	0	0	0	0	0	0	0	0	0	0	0	0	0	0	0	0	0	0	0	0	0	0	0	0	0	0	0	0	0	1	0	0	0	0	0	0	0	0	0	0	0	0	0	0	0	0	0	0	0	0	0	0	0	0	0	0	0	0	0	0	0	0	0	0	0	0	0	0	0	0	0	0	0	0	0	4	3	1	0	0	0	0	2	0	0	0	0	0	1	0	0	0	0	0	2	1	3	7	4	0	0	1	0	0	3	1	0	0	2	0	0	0	0	0	2	1	1	7	0	0	0	0	0	0	1	3	0	0	0	0	0	0	0	0	2	4	0	0	0	0	0	1	7	6	1	1	1	5	0	1	0	3	3	5	2	0	0	0	0	0	0	1
S463A:Morganella morganii gyrB conferring resistance to fluoroquinolones	0	0	0	0	0	0	0	1	0	0	0	0	0	0	0	0	0	0	1	0	0	0	0	0	0	0	0	0	1	0	0	0	0	0	0	1	0	0	0	0	0	0	0	0	0	0	0	0	0	0	0	0	0	0	0	0	0	0	0	0	0	0	0	0	0	0	0	0	0	0	0	0	0	0	0	0	0	0	0	0	0	0	0	0	3	0	0	1	12	7	2	2	1	0	199	199	2	1	1	1	0	0	105	106	125	118	0	1	0	0	3	1	1	1	168	156	192	155	4	7	176	143	176	170	175	153	185	155	0	0	1	0	0	1	174	174	171	136	5	3	101	93	0	0	80	81	0	0	4	1	1	0	296	285	232	196	0	0	1	0	346	303	0	1	2	1	0	0	0	1	0	0	3	1	0	1
S464F:Salmonella isangi gyrB conferring resistance to fluoroquinolones	0	0	0	0	0	0	0	0	0	0	0	0	0	0	0	0	0	0	0	0	0	1	0	0	0	0	0	0	0	0	0	0	0	0	0	0	0	0	0	0	0	0	0	0	0	0	0	0	0	0	0	0	0	0	0	0	0	0	0	0	0	0	0	0	0	1	0	0	0	0	0	0	0	0	0	0	0	0	0	0	0	0	0	0	0	0	0	0	0	1	0	0	0	0	5	4	0	0	0	0	0	0	4	5	1	9	1	0	0	0	0	0	0	0	1	7	1	3	0	0	6	3	4	1	1	5	1	6	0	0	0	0	0	0	0	2	2	3	0	0	2	1	0	0	1	3	0	0	0	0	0	0	4	4	5	6	0	0	0	0	4	7	0	0	0	1	0	0	0	0	0	0	0	0	0	0
S522L:Vibrio vulnificus rpoB mutants conferring resistance to rifampin	1	0	0	0	0	0	0	0	0	0	0	0	0	0	0	0	0	0	0	0	0	0	0	0	0	0	0	0	2	0	0	0	0	0	0	0	0	0	0	0	0	0	0	0	1	0	0	0	0	0	0	0	0	0	0	0	0	0	0	0	0	1	0	0	0	1	0	0	0	0	0	0	0	0	0	0	0	0	0	0	0	0	0	0	0	0	0	0	16	17	13	11	3	8	96	93	10	1	7	4	8	10	72	75	97	91	3	1	4	2	2	1	5	1	122	127	107	97	4	0	132	108	134	124	127	108	107	102	5	5	9	12	54	48	104	99	93	84	2	3	91	98	3	7	105	101	4	1	10	11	7	8	172	179	148	122	22	20	13	6	193	213	7	9	9	20	17	18	9	4	7	3	5	5	7	8
S550Y:Clostridioides difficile rpoB with mutation conferring resistance to rifampicin	0	0	0	0	0	0	0	0	0	0	0	0	0	0	0	0	0	0	0	0	0	1	0	0	0	0	0	0	0	0	0	0	0	0	0	0	0	0	0	0	0	0	0	0	0	0	0	0	0	0	0	0	0	0	0	0	0	0	0	0	0	0	0	0	0	0	0	0	0	0	0	0	0	0	0	0	0	0	0	0	0	0	0	0	0	0	0	0	53	43	13	23	30	27	0	0	15	21	20	30	45	39	5	7	8	7	6	3	30	13	17	17	16	10	1	0	0	0	2	12	0	1	0	0	2	1	2	1	17	21	17	13	45	30	0	0	0	0	16	8	2	5	21	25	3	6	19	22	5	10	33	27	0	5	0	0	44	33	20	10	0	2	22	26	15	13	53	38	66	67	20	15	43	29	16	21
S80I:Escherichia coli parC conferring resistance to fluoroquinolones	0	0	0	0	0	0	0	0	0	0	0	0	0	0	0	0	0	0	0	0	0	0	0	0	0	0	0	0	0	0	0	0	0	0	0	0	1	0	0	0	0	0	0	0	0	0	0	0	1	0	0	0	0	0	0	0	1	0	0	0	0	0	0	0	0	0	1	0	0	0	0	0	0	0	0	0	0	0	0	0	2	0	0	0	0	0	0	0	4	7	0	0	0	0	1	2	0	0	0	0	0	0	22	23	23	21	0	1	0	0	0	1	2	2	2	0	4	0	7	9	3	3	7	8	9	8	5	4	0	0	3	0	42	41	0	2	2	3	1	0	37	34	0	0	48	42	0	0	4	2	0	0	20	12	1	4	2	0	1	3	22	29	0	0	3	1	0	0	0	0	0	0	0	0	1	0
S80L:Pseudomonas aeruginosa gyrA and parC conferring resistance to fluoroquinolones	0	0	0	0	0	0	0	1	0	0	0	0	0	0	1	0	0	0	0	0	0	0	0	0	0	0	0	0	0	0	4	0	0	0	0	0	0	0	0	0	0	0	0	0	0	0	0	0	0	0	0	0	0	0	0	0	0	0	0	0	0	0	0	0	0	0	0	0	0	0	0	0	0	0	0	0	0	0	0	0	0	0	0	0	0	0	0	0	0	0	0	0	0	0	0	0	0	0	0	0	0	0	0	0	0	0	0	0	0	0	0	0	0	0	0	0	0	0	0	0	0	0	0	0	0	0	0	0	0	0	0	0	0	0	0	0	0	0	0	0	0	0	0	0	0	0	0	0	0	0	0	0	0	0	0	0	0	0	0	0	0	0	0	0	0	0	0	0	0	0	0	0	0	0	0	0
S83F+S97P:Salmonella enterica gyrA conferring resistance to fluoroquinolones	0	0	0	0	0	0	0	0	0	0	0	0	0	0	0	0	0	0	0	0	0	0	0	0	0	0	0	0	0	0	0	0	0	0	1	1	0	0	0	0	0	0	0	0	0	0	0	0	0	0	0	0	0	0	0	0	0	0	0	0	0	0	0	0	0	0	0	0	0	0	0	0	0	0	0	0	0	0	0	0	0	0	0	0	0	0	0	0	4	3	1	1	0	0	47	74	1	2	0	0	0	0	26	23	61	47	2	0	0	0	0	0	0	1	58	74	55	74	1	0	55	59	63	71	58	49	81	61	1	0	2	2	1	0	59	64	84	50	3	2	38	36	0	0	40	30	0	1	0	1	0	0	133	150	101	82	0	0	5	3	135	165	0	0	1	0	0	1	0	0	0	1	0	0	0	0
S84F:Haemophilus parainfluenzae parC conferring resistance to fluoroquinolones	0	0	0	0	0	0	2	2	0	0	0	0	0	0	0	0	0	0	0	0	0	0	0	0	0	0	1	0	1	0	0	0	2	0	1	0	0	1	1	0	0	0	0	0	0	0	0	0	0	0	0	0	0	1	0	0	0	0	0	0	0	0	0	0	0	2	2	0	0	0	0	0	0	0	0	0	0	0	0	0	0	0	0	0	2	0	0	0	4	5	0	6	5	1	168	166	0	0	0	2	0	0	109	111	105	121	13	7	0	0	0	1	1	1	188	186	181	143	1	5	169	138	200	187	152	158	173	167	5	3	2	3	4	9	164	171	159	158	1	6	90	100	0	0	80	74	2	0	3	1	5	8	272	319	198	237	15	22	2	3	297	321	1	2	2	2	3	1	1	0	0	0	2	2	9	13
S84L+D105E:Acinetobacter baumannii parC conferring resistance to fluoroquinolones	0	0	0	0	0	0	0	0	0	0	0	0	0	0	0	0	0	0	0	0	0	0	0	0	0	0	1	1	1	1	1	0	0	1	1	0	4	0	0	0	0	0	0	0	0	0	0	0	0	0	0	0	0	0	0	0	0	0	0	0	0	0	0	0	0	0	1	0	0	0	0	0	0	0	0	0	0	0	0	0	0	0	0	0	0	0	0	0	1	1	4	1	3	2	19	30	0	0	0	0	0	0	23	13	17	25	7	11	0	0	0	2	2	1	35	37	24	27	0	1	34	36	29	34	36	46	30	24	4	3	1	1	14	15	31	25	33	25	2	0	24	17	1	1	24	21	0	0	2	0	1	0	56	44	39	41	3	5	3	4	53	38	0	0	1	0	2	3	0	1	1	0	1	1	4	4
S84Y:Haemophilus parainfluenzae gyrA conferring resistance to fluoroquinolones	0	0	0	0	0	0	0	0	0	0	0	0	0	0	0	0	0	0	0	0	0	0	0	0	0	0	0	0	0	0	0	0	0	0	0	0	0	0	0	0	0	0	0	0	0	0	0	0	0	0	0	0	0	0	0	0	0	0	0	0	0	0	0	0	0	0	1	0	0	0	0	0	0	0	0	0	0	0	0	0	0	0	0	0	0	0	0	0	0	0	0	0	0	0	0	0	0	0	0	0	0	0	0	0	0	0	0	0	0	0	0	0	0	0	0	0	0	0	0	0	0	0	0	0	0	0	0	0	0	0	0	0	0	0	0	0	0	0	0	0	0	0	0	0	0	0	0	0	0	0	0	0	0	0	0	0	0	0	0	1	0	0	0	0	0	0	0	0	0	0	0	0	0	0	0	0
S97P:Salmonella enterica gyrA conferring resistance to fluoroquinolones	0	0	0	0	0	0	0	0	0	0	0	0	0	0	0	0	0	0	0	0	0	0	0	0	0	0	0	0	0	1	0	0	1	0	0	0	0	0	0	0	0	0	0	0	0	0	0	0	0	0	0	0	0	0	0	0	0	0	0	0	0	0	0	0	0	0	0	0	0	0	0	0	0	0	0	0	0	0	0	0	0	0	0	0	0	0	0	0	4	3	1	1	0	0	47	74	1	2	0	0	0	0	26	23	61	47	2	0	0	0	0	0	0	1	58	74	55	74	1	0	55	59	63	71	58	49	81	61	1	0	2	2	1	0	59	64	84	50	3	2	38	36	0	0	40	30	0	1	0	1	0	0	133	150	101	82	0	0	5	3	135	165	0	0	1	0	0	1	0	0	0	1	0	0	0	0
T563P:Escherichia coli rpoB mutants conferring resistance to rifampicin	0	0	0	0	0	0	0	0	0	0	0	0	0	0	0	0	0	0	0	0	0	0	0	0	0	0	0	0	0	0	0	0	0	0	0	0	0	0	0	0	0	0	0	0	0	1	0	0	0	0	0	0	0	0	0	0	0	0	0	0	0	0	0	0	0	0	0	0	0	0	0	0	0	0	0	0	0	0	0	0	0	0	0	0	0	0	0	0	37	41	78	77	28	18	305	310	13	15	11	10	32	29	189	201	241	230	20	38	13	8	6	7	8	12	286	283	300	302	38	20	298	281	319	320	283	282	329	365	16	20	120	84	67	71	293	294	294	285	9	10	222	183	14	12	189	181	28	21	90	107	39	34	553	548	394	360	33	29	11	12	678	586	15	6	81	79	26	26	30	40	14	4	36	22	29	16
V104I:Acinetobacter baumannii parC conferring resistance to fluoroquinolones	0	0	0	2	2	0	0	0	0	0	0	1	0	0	0	0	0	0	0	0	0	0	0	0	0	1	4	3	1	3	0	3	4	1	0	1	4	3	0	1	0	0	0	0	0	0	0	0	0	0	0	0	0	0	0	0	0	0	0	0	0	0	0	0	0	0	0	0	0	0	0	0	0	0	0	0	0	0	0	0	0	0	0	0	0	0	0	0	1	1	4	1	3	2	19	30	0	0	0	0	0	0	23	13	17	25	7	11	0	0	0	2	2	1	35	37	24	27	0	1	34	36	29	34	36	46	30	24	4	3	1	1	14	15	31	25	33	25	2	0	24	17	1	1	24	21	0	0	2	0	1	0	56	44	39	41	3	5	3	4	53	38	0	0	1	0	2	3	0	1	1	0	1	1	4	4
Y61Y:Mycobacterium tuberculosis rpoC mutations confer resistance to rifampicin	0	0	1	2	0	0	0	0	0	1	1	0	0	0	0	0	0	0	0	0	0	0	1	2	1	4	0	0	0	0	1	2	0	0	0	0	0	0	0	0	1	0	3	3	0	0	0	0	0	0	1	2	0	0	0	0	0	0	0	0	0	0	0	0	0	0	0	0	4	2	0	1	0	0	0	0	0	0	2	1	0	2	0	1	1	2	0	1	18	18	87	72	25	29	0	0	11	11	16	15	36	33	5	8	8	10	24	23	13	19	9	11	14	17	1	0	0	1	13	15	0	0	1	2	1	0	0	0	31	28	78	79	50	54	0	0	1	0	7	8	7	7	12	9	5	4	13	16	60	67	56	49	2	0	1	1	70	50	19	11	6	2	11	14	62	60	30	34	34	27	12	14	41	46	25	21
Wildtype:Acinetobacter baumannii gyrA conferring resistance to fluoroquinolones	0	0	0	0	0	0	0	0	0	0	0	0	0	0	0	0	0	0	0	0	0	0	0	0	0	0	0	0	0	0	0	0	0	0	0	0	0	0	0	0	0	0	0	0	0	0	0	0	0	0	0	0	0	0	0	0	0	0	0	0	0	0	0	0	0	0	0	0	0	0	0	0	0	0	0	0	0	0	0	0	0	0	0	0	0	0	0	0	0	0	0	0	0	0	0	0	0	0	0	0	0	0	0	0	0	0	0	0	0	0	0	0	0	0	0	1	0	0	0	0	0	0	0	0	0	0	0	0	0	0	0	0	0	0	0	0	0	0	0	0	0	0	0	0	0	0	0	0	0	0	0	0	0	1	0	0	0	0	0	0	0	0	0	0	0	1	1	0	0	0	0	0	0	0	0	0
Wildtype:Acinetobacter baumannii parC conferring resistance to fluoroquinolones	0	0	0	0	0	0	0	0	0	0	0	0	0	0	0	0	0	0	0	0	0	0	0	0	0	0	0	0	0	0	0	0	0	0	0	0	0	0	0	0	0	0	0	0	0	0	0	0	0	0	0	0	0	0	0	0	0	0	0	0	0	0	0	0	0	0	0	0	0	0	0	0	0	0	0	0	0	0	0	0	0	0	0	0	0	0	0	0	1	1	4	1	3	2	19	30	0	0	0	0	0	0	23	13	17	25	7	11	0	0	0	2	2	1	35	37	24	27	0	1	34	36	29	34	36	46	30	24	4	3	1	1	14	15	31	25	33	25	2	0	24	17	1	1	24	21	0	0	2	0	1	0	56	44	39	41	3	5	3	4	53	38	0	0	1	0	2	3	0	1	1	0	1	1	4	4
Wildtype:Bacillus subtilis rpoB mutants conferring resistance to rifampin	0	0	0	0	0	0	0	0	0	0	0	0	0	0	0	0	0	0	0	0	0	0	0	0	0	0	0	0	0	0	0	0	0	0	0	0	0	0	0	0	0	0	0	0	0	0	0	0	0	0	0	0	0	0	0	0	0	0	0	0	0	0	0	0	0	0	0	0	0	0	0	0	0	0	0	0	0	0	0	0	0	0	0	0	0	0	0	0	3	0	10	8	6	5	0	0	3	0	2	1	2	1	1	0	1	0	0	0	0	0	0	0	1	2	0	0	0	0	3	1	0	0	0	0	0	0	0	0	2	1	6	5	0	0	0	0	0	0	1	0	0	0	1	0	0	0	0	0	14	13	4	4	0	0	0	0	2	0	1	0	0	0	0	0	10	10	5	5	2	2	2	1	2	4	1	4
Wildtype:Burkholderia dolosa gyrA conferring resistance to fluoroquinolones	0	0	0	0	0	0	0	0	0	0	0	0	0	0	0	0	0	0	0	0	0	0	0	0	0	0	0	0	0	0	0	0	0	0	0	0	0	0	0	0	0	0	0	0	0	0	0	0	0	0	0	0	0	0	0	0	0	0	0	0	0	0	0	0	0	0	0	0	0	0	0	0	0	0	0	0	0	0	0	0	0	0	0	0	0	0	0	0	0	0	1	1	1	0	0	0	0	0	0	0	0	0	1	1	0	0	4	11	0	0	0	0	0	1	0	0	0	0	2	0	0	0	0	0	0	0	0	0	5	5	3	5	1	0	0	0	0	0	0	0	0	0	0	0	1	0	0	0	0	0	0	0	0	0	0	0	0	3	1	0	0	0	0	0	2	0	0	0	0	1	1	0	1	1	3	1
Wildtype:Capnocytophaga gingivalis gyrA conferring resistance to fluoroquinolones	0	0	0	0	0	0	0	0	0	0	0	0	0	0	0	0	0	0	0	0	0	0	0	0	0	0	0	0	0	0	0	0	0	0	0	0	0	0	0	0	0	0	0	0	0	0	0	0	0	0	0	0	0	0	0	0	0	0	0	0	0	0	0	0	0	0	0	0	0	0	0	0	0	0	0	0	0	0	0	0	0	0	0	0	0	0	0	0	7	1	0	1	1	0	0	0	0	1	0	0	1	0	0	0	0	0	0	0	0	0	2	0	1	0	0	0	0	0	1	0	0	0	0	0	0	0	0	0	1	0	0	1	0	0	0	0	0	0	1	2	1	0	1	0	0	0	0	0	1	0	0	0	0	0	0	0	1	0	0	0	0	0	1	1	0	0	0	0	0	1	0	1	0	0	0	0
Wildtype:Clostridioides difficile rpoB with mutation conferring resistance to rifampicin	0	0	0	0	0	0	0	0	0	0	0	0	0	0	0	0	0	0	0	0	0	0	0	0	0	0	0	0	0	0	0	0	0	0	0	0	0	0	0	0	0	0	0	0	0	0	0	0	0	0	0	0	0	0	0	0	0	0	0	0	0	0	0	0	0	0	0	0	0	0	0	0	0	0	0	0	0	0	0	0	0	0	0	0	0	0	0	0	53	43	13	23	30	27	0	0	15	21	20	30	45	39	5	7	8	7	6	3	30	13	17	17	16	10	1	0	0	0	2	12	0	1	0	0	2	1	2	1	17	21	17	13	45	30	0	0	0	0	16	8	2	5	21	25	3	6	19	22	5	10	33	27	0	5	0	0	44	33	20	10	0	2	22	26	15	13	53	38	66	67	20	15	43	29	16	21
Wildtype:Cutibacterium acnes gyrA conferring resistance to fluoroquinolones	0	0	0	0	0	0	0	0	0	0	0	0	0	0	0	0	0	0	0	0	0	0	0	0	0	0	0	0	0	0	0	0	0	0	0	0	0	0	0	0	0	0	0	0	0	0	0	0	0	0	0	0	0	0	0	0	0	0	0	0	0	0	0	0	0	0	0	0	0	0	0	0	0	0	0	0	0	0	0	0	0	0	0	0	0	0	0	0	0	0	0	0	0	0	0	0	0	0	0	0	0	0	0	0	0	0	0	0	0	0	0	0	0	0	0	0	0	0	0	0	0	0	0	0	0	0	0	0	0	0	0	0	0	0	0	0	0	0	0	0	0	0	0	0	0	0	0	0	0	0	0	0	0	0	0	0	0	0	0	0	7	4	0	0	0	0	0	0	0	0	0	0	0	0	0	0
Wildtype:Escherichia coli EF-Tu mutants conferring resistance to Enacyloxin IIa	0	0	0	0	0	0	0	0	0	0	0	0	0	0	0	0	0	0	0	0	0	0	0	0	0	0	0	0	0	0	0	0	0	0	0	0	0	0	0	0	0	0	0	0	0	0	0	0	0	0	0	0	0	0	0	0	0	0	0	0	0	0	0	0	0	0	0	0	0	0	0	0	0	0	0	0	0	0	0	0	0	0	0	0	0	0	0	0	0	0	0	0	0	0	0	0	0	0	0	0	0	0	0	0	0	0	0	0	0	0	0	0	0	0	1	0	0	0	0	0	0	0	0	0	0	0	0	0	0	0	0	0	0	0	0	0	0	0	0	0	0	0	0	0	0	0	0	0	0	0	0	0	0	0	0	0	0	0	0	0	0	0	0	0	0	0	0	0	0	0	0	0	0	0	0	0
Wildtype:Escherichia coli EF-Tu mutants conferring resistance to Pulvomycin	0	0	0	0	0	0	0	0	0	0	0	0	0	0	0	0	0	0	0	0	0	0	0	0	0	0	0	0	0	0	0	0	0	0	0	0	0	0	0	0	0	0	0	0	0	0	0	0	0	0	0	0	0	0	0	0	0	0	0	0	0	0	0	0	0	0	0	0	0	0	0	0	0	0	0	0	0	0	0	0	0	0	0	0	0	0	0	0	3	8	6	3	1	0	38	45	0	0	2	0	0	0	21	25	36	37	7	9	1	1	0	2	1	1	27	35	31	34	11	2	38	29	47	33	32	38	28	32	1	1	4	1	1	0	29	31	41	37	3	0	28	24	0	0	27	28	1	1	5	4	3	1	56	64	49	55	4	5	3	8	80	86	4	1	4	4	0	2	1	2	1	4	2	0	3	2
Wildtype:Escherichia coli EF-Tu mutants conferring resistance to kirromycin	0	0	0	0	0	0	0	0	0	0	0	0	0	0	0	0	0	0	0	0	0	0	0	0	0	0	0	0	0	0	0	0	0	0	0	0	0	0	0	0	0	0	0	0	0	0	0	0	0	0	0	0	0	0	0	0	0	0	0	0	0	0	0	0	0	0	0	0	0	0	0	0	0	0	0	0	0	0	0	0	0	0	0	0	0	0	0	0	1	6	5	1	0	1	180	194	0	2	1	0	0	0	244	230	243	243	2	1	0	2	3	3	1	2	163	153	129	131	15	19	133	151	173	168	132	137	142	158	0	2	4	3	7	2	130	156	143	144	5	6	194	184	0	0	177	186	4	0	5	4	0	0	274	254	219	181	2	2	2	0	327	287	0	2	1	2	1	1	0	0	1	1	3	1	1	0
Wildtype:Escherichia coli PtsI with mutation conferring resistance to fosfomycin	0	0	0	0	0	0	0	0	0	0	0	0	0	0	0	0	0	0	0	0	0	0	0	0	0	0	0	0	0	0	0	0	0	0	0	0	0	0	0	0	0	0	0	0	0	0	0	0	0	0	0	0	0	0	0	0	0	0	0	0	0	0	0	0	0	0	0	0	0	0	0	0	0	0	0	0	0	0	0	0	0	0	0	0	0	0	0	0	0	0	0	0	0	0	0	0	0	0	0	0	0	0	0	0	0	0	0	0	0	0	0	0	0	0	0	0	0	0	2	0	0	0	0	0	0	0	0	0	0	0	0	0	0	0	0	0	0	0	0	0	0	0	0	0	0	0	0	0	0	0	0	0	0	0	0	0	0	0	0	0	0	0	0	0	0	0	0	0	0	0	1	0	0	0	0	0
Wildtype:Escherichia coli UhpT with mutation conferring resistance to fosfomycin	0	0	0	0	0	0	0	0	0	0	0	0	0	0	0	0	0	0	0	0	0	0	0	0	0	0	0	0	0	0	0	0	0	0	0	0	0	0	0	0	0	0	0	0	0	0	0	0	0	0	0	0	0	0	0	0	0	0	0	0	0	0	0	0	0	0	0	0	0	0	0	0	0	0	0	0	0	0	0	0	0	0	0	0	0	0	0	0	0	0	0	0	0	0	0	0	0	0	0	0	0	0	0	0	0	0	0	0	0	0	0	0	0	0	0	0	0	0	0	0	0	0	0	0	0	0	0	0	0	0	0	0	0	0	0	0	0	0	0	0	0	0	0	0	0	0	0	0	0	0	0	0	0	0	0	0	0	0	0	0	1	0	0	0	0	0	0	0	0	0	0	0	0	0	0	0
Wildtype:Escherichia coli fabG mutations conferring resistance to triclosan	0	0	0	0	0	0	0	0	0	0	0	0	0	0	0	0	0	0	0	0	0	0	0	0	0	0	0	0	0	0	0	0	0	0	0	0	0	0	0	0	0	0	0	0	0	0	0	0	0	0	0	0	0	0	0	0	0	0	0	0	0	0	0	0	0	0	0	0	0	0	0	0	0	0	0	0	0	0	0	0	0	0	0	0	0	0	0	0	0	0	0	0	0	0	1	0	0	0	0	0	0	0	0	0	0	0	0	0	0	0	0	0	0	0	0	0	0	0	2	1	0	0	0	0	0	0	0	0	0	0	0	0	0	0	0	0	0	0	0	0	0	0	0	0	0	0	0	0	0	0	0	0	0	0	0	0	0	0	0	0	0	1	0	0	0	0	0	0	0	0	0	0	0	0	0	0
Wildtype:Escherichia coli fabI mutations conferring resistance to isoniazid and triclosan	0	0	0	0	0	0	0	0	0	0	0	0	0	0	0	0	0	0	0	0	0	0	0	0	0	0	0	0	0	0	0	0	0	0	0	0	0	0	0	0	0	0	0	0	0	0	0	0	0	0	0	0	0	0	0	0	0	0	0	0	0	0	0	0	0	0	0	0	0	0	0	0	0	0	0	0	0	0	0	0	0	0	0	0	0	0	0	0	0	0	0	0	0	0	0	0	0	0	0	1	0	0	0	0	0	0	1	1	0	0	0	0	0	0	0	0	0	0	0	0	0	0	0	0	0	0	1	0	0	0	0	0	0	0	0	0	0	0	0	0	0	0	0	0	0	0	0	0	0	0	0	0	0	0	0	0	0	0	0	0	0	0	0	1	0	0	0	2	0	0	0	0	1	0	0	0
Wildtype:Escherichia coli gyrA conferring resistance to fluoroquinolones	0	0	0	0	0	0	0	0	0	0	0	0	0	0	0	0	0	0	0	0	0	0	0	0	0	0	0	0	0	0	0	0	0	0	0	0	0	0	0	0	0	0	0	0	0	0	0	0	0	0	0	0	0	0	0	0	0	0	0	0	0	0	0	0	0	0	0	0	0	0	0	0	0	0	0	0	0	0	0	0	0	0	0	0	0	0	0	0	10	12	3	2	0	4	90	97	2	2	2	0	0	0	65	77	107	83	3	0	1	2	0	0	2	1	118	93	118	93	3	2	106	79	109	107	89	91	121	135	3	2	2	1	35	37	99	106	94	85	3	2	85	82	0	0	96	85	1	0	1	7	0	1	225	240	151	131	2	5	2	3	234	216	3	1	1	5	4	3	2	4	0	2	4	2	1	5
Wildtype:Escherichia coli gyrB conferring resistance to aminocoumarin	0	0	0	0	0	0	0	0	0	0	0	0	0	0	0	0	0	0	0	0	0	0	0	0	0	0	0	0	0	0	0	0	0	0	0	0	0	0	0	0	0	0	0	0	0	0	0	0	0	0	0	0	0	0	0	0	0	0	0	0	0	0	0	0	0	0	0	0	0	0	0	0	0	0	0	0	0	0	0	0	0	0	0	0	0	0	0	0	0	0	0	0	0	0	0	0	0	0	0	0	0	0	0	0	0	0	0	0	0	0	0	0	0	0	0	0	0	0	0	0	0	0	0	0	0	0	0	0	0	0	0	0	0	0	0	0	0	0	0	0	0	0	0	0	0	0	0	0	0	0	0	0	0	1	0	0	0	0	0	0	0	0	0	0	0	0	0	0	0	0	0	0	0	0	0	0
Wildtype:Escherichia coli murA with mutation conferring resistance to fosfomycin	0	0	0	0	0	0	0	0	0	0	0	0	0	0	0	0	0	0	0	0	0	0	0	0	0	0	0	0	0	0	0	0	0	0	0	0	0	0	0	0	0	0	0	0	0	0	0	0	0	0	0	0	0	0	0	0	0	0	0	0	0	0	0	0	0	0	0	0	0	0	0	0	0	0	0	0	0	0	0	0	0	0	0	0	0	0	0	0	0	0	0	0	0	0	0	0	0	0	0	0	0	0	0	0	0	0	0	0	0	0	0	0	0	0	0	0	0	0	1	0	1	0	0	0	0	0	0	0	0	0	0	0	0	0	0	0	0	0	0	0	0	0	0	0	0	0	0	0	0	0	0	0	0	0	0	0	0	0	0	0	0	0	0	1	0	0	0	0	0	0	0	1	0	1	0	0
Wildtype:Escherichia coli nfsA mutations conferring resistance to nitrofurantoin	0	0	0	0	0	0	0	0	0	0	0	0	0	0	0	0	0	0	0	0	0	0	0	0	0	0	0	0	0	0	0	0	0	0	0	0	0	0	0	0	0	0	0	0	0	0	0	0	0	0	0	0	0	0	0	0	0	0	0	0	0	0	0	0	0	0	0	0	0	0	0	0	0	0	0	0	0	0	0	0	0	0	0	0	0	0	0	0	0	0	0	0	0	0	0	0	0	0	0	0	0	0	0	0	0	0	0	0	0	0	0	1	0	0	0	0	0	0	0	0	0	0	0	0	0	0	0	0	0	0	0	0	0	0	0	0	0	0	0	0	0	0	0	0	0	0	1	0	0	0	0	0	0	0	0	0	0	0	0	0	0	0	0	0	0	0	0	0	0	0	0	0	0	0	0	0
Wildtype:Escherichia coli ompF with mutation conferring resistance to beta-lactam antibiotics	0	0	0	0	0	0	0	0	0	0	0	0	0	0	0	0	0	0	0	0	0	0	0	0	0	0	0	0	0	0	0	0	0	0	0	0	0	0	0	0	0	0	0	0	0	0	0	0	0	0	0	0	0	0	0	0	0	0	0	0	0	0	0	0	0	0	0	0	0	0	0	0	0	0	0	0	0	0	0	0	0	0	0	0	0	0	0	0	0	0	0	0	0	0	0	0	0	0	0	0	0	0	0	0	0	0	0	0	0	0	0	0	0	0	0	0	0	0	0	0	0	0	0	0	0	0	0	0	0	0	0	0	0	0	0	0	0	0	0	0	0	0	0	0	0	0	0	0	0	0	0	0	0	0	0	0	0	0	0	0	0	0	0	0	0	0	0	0	0	0	0	0	0	0	0	1
Wildtype:Escherichia coli parC conferring resistance to fluoroquinolones	0	0	0	0	0	0	0	0	0	0	0	0	0	0	0	0	0	0	0	0	0	0	0	0	0	0	0	0	0	0	0	0	0	0	0	0	0	0	0	0	0	0	0	0	0	0	0	0	0	0	0	0	0	0	0	0	0	0	0	0	0	0	0	0	0	0	0	0	0	0	0	0	0	0	0	0	0	0	0	0	0	0	0	0	0	0	0	0	4	7	0	0	0	0	1	2	0	0	0	0	0	0	22	23	23	21	0	1	0	0	0	1	2	2	2	0	4	0	7	9	3	3	7	8	9	8	5	4	0	0	3	0	42	41	0	2	2	3	1	0	37	34	0	0	48	42	0	0	4	2	0	0	20	12	1	4	2	0	1	3	22	29	0	0	3	1	0	0	0	0	0	0	0	0	1	0
Wildtype:Escherichia coli parE conferring resistance to fluoroquinolones	0	0	0	0	0	0	0	0	0	0	0	0	0	0	0	0	0	0	0	0	0	0	0	0	0	0	0	0	0	0	0	0	0	0	0	0	0	0	0	0	0	0	0	0	0	0	0	0	0	0	0	0	0	0	0	0	0	0	0	0	0	0	0	0	0	0	0	0	0	0	0	0	0	0	0	0	0	0	0	0	0	0	0	0	0	0	0	0	0	0	0	0	0	0	0	0	0	0	0	0	0	0	0	1	0	0	0	0	0	0	0	0	0	0	0	0	0	0	0	0	0	0	0	0	0	0	0	0	0	0	0	0	0	0	0	0	0	0	0	1	0	0	0	0	0	0	0	0	0	0	0	0	0	0	0	0	0	0	0	0	0	0	0	0	0	0	0	0	0	0	0	0	0	1	0	0
Wildtype:Escherichia coli rpoB mutants conferring resistance to rifampicin	0	0	0	0	0	0	0	0	0	0	0	0	0	0	0	0	0	0	0	0	0	0	0	0	0	0	0	0	0	0	0	0	0	0	0	0	0	0	0	0	0	0	0	0	0	0	0	0	0	0	0	0	0	0	0	0	0	0	0	0	0	0	0	0	0	0	0	0	0	0	0	0	0	0	0	0	0	0	0	0	0	0	0	0	0	0	0	0	37	41	78	77	28	18	305	310	13	15	11	10	32	29	189	201	241	230	20	38	13	8	6	7	8	12	286	283	300	302	38	20	298	281	319	320	283	282	329	365	16	20	120	84	67	71	293	294	294	285	9	10	222	183	14	12	189	181	28	21	90	107	39	34	553	548	394	360	33	29	11	12	678	586	15	6	81	79	26	26	30	40	14	4	36	22	29	16
Wildtype:Escherichia coli uhpA with mutation conferring resistance to fosfomycin	0	0	0	0	0	0	0	0	0	0	0	0	0	0	0	0	0	0	0	0	0	0	0	0	0	0	0	0	0	0	0	0	0	0	0	0	0	0	0	0	0	0	0	0	0	0	0	0	0	0	0	0	0	0	0	0	0	0	0	0	0	0	0	0	0	0	0	0	0	0	0	0	0	0	0	0	0	0	0	0	0	0	0	0	0	0	0	0	0	0	0	0	0	0	0	0	0	0	0	0	0	0	0	0	0	0	0	0	0	0	0	0	0	0	0	0	0	0	0	0	0	0	0	0	0	0	0	0	0	0	0	0	0	0	0	0	0	0	0	0	0	0	0	0	0	0	0	0	0	0	0	0	0	0	0	0	0	0	0	0	0	0	0	0	0	0	0	0	1	0	0	0	0	0	0	0
Wildtype:Haemophilus parainfluenzae gyrA conferring resistance to fluoroquinolones	0	0	0	0	0	0	0	0	0	0	0	0	0	0	0	0	0	0	0	0	0	0	0	0	0	0	0	0	0	0	0	0	0	0	0	0	0	0	0	0	0	0	0	0	0	0	0	0	0	0	0	0	0	0	0	0	0	0	0	0	0	0	0	0	0	0	0	0	0	0	0	0	0	0	0	0	0	0	0	0	0	0	0	0	0	0	0	0	0	0	0	0	0	0	0	0	0	0	0	0	0	0	0	0	0	0	0	0	0	0	0	0	0	0	0	0	0	0	0	0	0	0	0	0	0	0	0	0	0	0	0	0	0	0	0	0	0	0	0	0	0	0	0	0	0	0	0	0	0	0	0	0	0	0	0	0	0	0	0	1	0	0	0	0	0	0	0	0	0	0	0	0	0	0	0	0
Wildtype:Haemophilus parainfluenzae parC conferring resistance to fluoroquinolones	0	0	0	0	0	0	0	0	0	0	0	0	0	0	0	0	0	0	0	0	0	0	0	0	0	0	0	0	0	0	0	0	0	0	0	0	0	0	0	0	0	0	0	0	0	0	0	0	0	0	0	0	0	0	0	0	0	0	0	0	0	0	0	0	0	0	0	0	0	0	0	0	0	0	0	0	0	0	0	0	0	0	0	0	0	0	0	0	4	5	0	6	5	1	168	166	0	0	0	2	0	0	109	111	105	121	13	7	0	0	0	1	1	1	188	186	181	143	1	5	169	138	200	187	152	158	173	167	5	3	2	3	4	9	164	171	159	158	1	6	90	100	0	0	80	74	2	0	3	1	5	8	272	319	198	237	15	22	2	3	297	321	1	2	2	2	3	1	1	0	0	0	2	2	9	13
Wildtype:Helicobacter pylori gyrA conferring resistance to fluoroquinolones	0	0	0	0	0	0	0	0	0	0	0	0	0	0	0	0	0	0	0	0	0	0	0	0	0	0	0	0	0	0	0	0	0	0	0	0	0	0	0	0	0	0	0	0	0	0	0	0	0	0	0	0	0	0	0	0	0	0	0	0	0	0	0	0	0	0	0	0	0	0	0	0	0	0	0	0	0	0	0	0	0	0	0	0	0	0	0	0	0	0	0	0	0	0	0	0	0	0	0	0	0	1	0	0	0	0	0	0	0	0	0	0	0	0	0	0	0	0	0	0	0	0	0	0	0	0	0	0	1	0	0	0	0	0	0	0	0	0	0	0	0	0	0	0	0	0	1	0	0	1	1	0	0	0	0	0	0	0	0	0	0	0	0	0	1	0	0	0	0	0	0	0	0	0	0	0
Wildtype:Helicobacter pylori rpoB mutation conferring resistance to rifampicin	0	0	0	0	0	0	0	0	0	0	0	0	0	0	0	0	0	0	0	0	0	0	0	0	0	0	0	0	0	0	0	0	0	0	0	0	0	0	0	0	0	0	0	0	0	0	0	0	0	0	0	0	0	0	0	0	0	0	0	0	0	0	0	0	0	0	0	0	0	0	0	0	0	0	0	0	0	0	0	0	0	0	0	0	0	0	0	0	0	0	0	0	0	0	0	0	0	0	0	0	0	0	0	0	0	0	0	0	0	0	0	0	0	0	0	0	0	0	0	0	0	0	0	0	0	0	0	0	0	0	0	0	0	0	0	0	0	0	0	0	0	0	0	0	0	0	0	1	0	0	0	0	0	0	0	0	0	0	0	0	0	0	0	0	0	0	0	0	0	0	0	0	0	0	0	0
Wildtype:Klebsiella mutant PhoP conferring antibiotic resistance to colistin	0	0	0	0	0	0	0	0	0	0	0	0	0	0	0	0	0	0	0	0	0	0	0	0	0	0	0	0	0	0	0	0	0	0	0	0	0	0	0	0	0	0	0	0	0	0	0	0	0	0	0	0	0	0	0	0	0	0	0	0	0	0	0	0	0	0	0	0	0	0	0	0	0	0	0	0	0	0	0	0	0	0	0	0	0	0	0	0	0	0	0	0	0	0	0	0	0	0	0	0	0	0	0	0	0	0	0	0	0	0	0	0	0	0	0	0	0	0	0	0	0	0	0	0	0	0	0	0	0	0	0	0	0	0	0	0	0	0	0	0	0	0	0	0	0	0	0	0	0	0	0	0	0	0	0	0	0	0	0	0	0	0	0	0	0	0	0	0	0	0	1	0	0	0	0	0
Wildtype:Klebsiella pneumoniae lamB with mutations conferring resistance to ceftazidime-avibactam	0	0	0	0	0	0	0	0	0	0	0	0	0	0	0	0	0	0	0	0	0	0	0	0	0	0	0	0	0	0	0	0	0	0	0	0	0	0	0	0	0	0	0	0	0	0	0	0	0	0	0	0	0	0	0	0	0	0	0	0	0	0	0	0	0	0	0	0	0	0	0	0	0	0	0	0	0	0	0	0	0	0	0	0	0	0	0	0	0	0	0	0	0	0	0	0	0	0	0	0	0	0	0	0	0	0	0	0	0	0	1	0	0	0	0	0	0	0	0	0	0	0	0	0	0	0	0	0	0	0	0	0	0	0	0	0	0	0	0	0	0	0	0	0	0	0	0	0	0	0	0	0	0	2	0	0	0	0	0	0	0	0	0	0	0	0	0	0	0	0	0	0	2	0	0	0
Wildtype:LpxC	0	0	0	0	0	0	0	0	0	0	0	0	0	0	0	0	0	0	0	0	0	0	0	0	0	0	0	0	0	0	0	0	0	0	0	0	0	0	0	0	0	0	0	0	0	0	0	0	0	0	0	0	0	0	0	0	0	0	0	0	0	0	0	0	0	0	0	0	0	0	0	0	0	0	0	0	0	0	0	0	0	0	0	0	0	0	0	0	0	0	0	0	0	0	0	0	0	0	0	0	0	0	0	0	0	0	0	0	0	0	0	0	0	0	0	0	0	0	0	0	0	0	0	0	0	0	0	0	0	0	0	0	0	0	1	0	0	0	0	0	0	0	0	0	0	0	0	0	0	0	0	0	0	0	0	0	0	0	0	0	0	0	0	0	0	0	0	0	0	0	0	0	0	0	0	0
Wildtype:Morganella morganii gyrB conferring resistance to fluoroquinolones	0	0	0	0	0	0	0	0	0	0	0	0	0	0	0	0	0	0	0	0	0	0	0	0	0	0	0	0	0	0	0	0	0	0	0	0	0	0	0	0	0	0	0	0	0	0	0	0	0	0	0	0	0	0	0	0	0	0	0	0	0	0	0	0	0	0	0	0	0	0	0	0	0	0	0	0	0	0	0	0	0	0	0	0	0	0	0	0	12	7	2	2	1	0	199	199	2	1	1	1	0	0	105	106	125	118	0	1	0	0	3	1	1	1	168	156	192	155	4	7	176	143	176	170	175	153	185	155	0	0	1	0	0	1	174	174	171	136	5	3	101	93	0	0	80	81	0	0	4	1	1	0	296	285	232	196	0	0	1	0	346	303	0	1	2	1	0	0	0	1	0	0	3	1	0	1
Wildtype:Mycobacterium abscessus atpE with mutation conferring resistance to bedaquiline	0	0	0	0	0	0	0	0	0	0	0	0	0	0	0	0	0	0	0	0	0	0	0	0	0	0	0	0	0	0	0	0	0	0	0	0	0	0	0	0	0	0	0	0	0	0	0	0	0	0	0	0	0	0	0	0	0	0	0	0	0	0	0	0	0	0	0	0	0	0	0	0	0	0	0	0	0	0	0	0	0	0	0	0	0	0	0	0	0	0	0	0	0	0	0	0	0	0	0	0	0	0	0	0	0	0	0	0	0	0	0	0	0	0	0	0	0	0	0	1	0	0	0	0	0	0	0	0	0	0	0	0	0	0	0	0	0	0	0	0	0	0	0	0	0	0	0	0	0	0	0	0	0	0	0	0	0	0	0	0	0	0	0	0	0	0	0	0	0	0	0	0	0	0	0	0
Wildtype:Mycobacterium avium gyrA with mutation conferring resistance to fluoroquinolone	0	0	0	0	0	0	0	0	0	0	0	0	0	0	0	0	0	0	0	0	0	0	0	0	0	0	0	0	0	0	0	0	0	0	0	0	0	0	0	0	0	0	0	0	0	0	0	0	0	0	0	0	0	0	0	0	0	0	0	0	0	0	0	0	0	0	0	0	0	0	0	0	0	0	0	0	0	0	0	0	0	0	0	0	0	0	0	0	0	0	0	0	0	0	0	0	1	0	0	0	0	0	0	0	0	0	0	0	0	0	0	0	0	0	0	0	0	0	0	0	0	0	0	0	0	0	0	0	0	0	0	0	0	0	0	0	0	0	0	0	0	0	0	0	0	0	0	0	0	0	0	0	0	0	0	0	0	0	0	0	0	0	0	0	0	0	0	0	0	0	0	0	0	0	0	0
Wildtype:Mycobacterium leprae rpoB mutations conferring resistance to rifampicin	0	0	0	0	0	0	0	0	0	0	0	0	0	0	0	0	0	0	0	0	0	0	0	0	0	0	0	0	0	0	0	0	0	0	0	0	0	0	0	0	0	0	0	0	0	0	0	0	0	0	0	0	0	0	0	0	0	0	0	0	0	0	0	0	0	0	0	0	0	0	0	0	0	0	0	0	0	0	0	0	0	0	0	0	0	0	0	0	0	0	0	0	0	0	0	0	0	0	0	0	0	0	0	0	0	0	0	0	0	0	0	0	0	0	0	0	0	0	0	0	0	0	0	0	0	0	0	0	0	0	2	1	0	0	0	0	0	0	0	0	0	0	0	0	0	0	0	0	0	0	0	0	0	0	0	0	0	0	0	0	0	0	0	0	0	0	0	0	0	0	0	0	0	0	0	0
Wildtype:Mycobacterium tuberculosis Rv3169 mutations confer resistance to pyrazinamide	0	0	0	0	0	0	0	0	0	0	0	0	0	0	0	0	0	0	0	0	0	0	0	0	0	0	0	0	0	0	0	0	0	0	0	0	0	0	0	0	0	0	0	0	0	0	0	0	0	0	0	0	0	0	0	0	0	0	0	0	0	0	0	0	0	0	0	0	0	0	0	0	0	0	0	0	0	0	0	0	0	0	0	0	0	0	0	0	0	0	0	0	0	0	0	0	0	0	0	0	0	0	0	0	0	0	0	0	0	0	1	0	0	0	0	0	0	0	1	0	0	0	0	0	0	0	0	0	0	0	0	0	0	0	0	0	0	0	0	0	0	0	0	0	0	0	0	0	0	0	0	0	0	0	0	0	0	0	0	0	0	0	0	0	0	0	0	0	0	0	0	0	0	0	0	0
Wildtype:Mycobacterium tuberculosis atpE with mutation conferring resistance to bedaquiline	0	0	0	0	0	0	0	0	0	0	0	0	0	0	0	0	0	0	0	0	0	0	0	0	0	0	0	0	0	0	0	0	0	0	0	0	0	0	0	0	0	0	0	0	0	0	0	0	0	0	0	0	0	0	0	0	0	0	0	0	0	0	0	0	0	0	0	0	0	0	0	0	0	0	0	0	0	0	0	0	0	0	0	0	0	0	0	0	0	0	0	0	0	0	0	0	0	0	0	0	0	0	0	0	0	0	0	0	0	0	0	0	0	0	0	0	0	0	0	1	0	0	0	0	0	0	0	0	0	0	0	0	0	0	0	0	0	0	0	0	0	0	0	0	0	0	0	0	0	0	0	0	0	0	0	0	0	0	0	0	0	0	0	0	0	0	0	0	0	0	0	0	0	0	0	0
Wildtype:Mycobacterium tuberculosis clpC1 with mutation conferring resistance to pyrazinamide	0	0	0	0	0	0	0	0	0	0	0	0	0	0	0	0	0	0	0	0	0	0	0	0	0	0	0	0	0	0	0	0	0	0	0	0	0	0	0	0	0	0	0	0	0	0	0	0	0	0	0	0	0	0	0	0	0	0	0	0	0	0	0	0	0	0	0	0	0	0	0	0	0	0	0	0	0	0	0	0	0	0	0	0	0	0	0	0	0	0	2	0	0	0	0	0	0	0	0	0	0	0	0	0	0	0	0	0	0	0	2	1	0	0	0	0	0	0	0	1	0	0	0	0	0	0	0	0	0	0	0	1	0	0	0	0	0	0	0	2	0	0	0	0	1	0	0	0	0	0	0	0	0	0	0	0	0	0	0	0	0	1	0	0	0	0	0	0	0	0	0	0	0	0	0	0
Wildtype:Mycobacterium tuberculosis embC mutant conferring resistance to ethambutol	0	0	0	0	0	0	0	0	0	0	0	0	0	0	0	0	0	0	0	0	0	0	0	0	0	0	0	0	0	0	0	0	0	0	0	0	0	0	0	0	0	0	0	0	0	0	0	0	0	0	0	0	0	0	0	0	0	0	0	0	0	0	0	0	0	0	0	0	0	0	0	0	0	0	0	0	0	0	0	0	0	0	0	0	0	0	0	0	0	0	0	0	0	0	0	0	0	0	0	0	0	0	0	0	0	0	0	0	0	0	0	0	1	1	0	0	0	0	0	0	0	0	0	0	0	0	0	0	0	0	1	1	0	0	0	0	0	0	0	0	0	0	0	0	0	0	0	0	0	0	0	0	0	0	0	0	0	0	0	0	0	0	0	0	0	0	0	0	0	0	0	0	0	0	0	0
Wildtype:Mycobacterium tuberculosis ethA mutations conferring resistance to isoniazid	0	0	0	0	0	0	0	0	0	0	0	0	0	0	0	0	0	0	0	0	0	0	0	0	0	0	0	0	0	0	0	0	0	0	0	0	0	0	0	0	0	0	0	0	0	0	0	0	0	0	0	0	0	0	0	0	0	0	0	0	0	0	0	0	0	0	0	0	0	0	0	0	0	0	0	0	0	0	0	0	0	0	0	0	0	0	0	0	0	0	0	0	0	0	0	0	0	0	0	0	0	0	0	0	0	0	0	0	0	0	0	0	0	0	0	0	0	0	0	0	0	0	0	0	0	0	0	0	0	0	0	0	0	0	0	0	0	0	0	0	0	0	0	0	0	0	0	0	0	0	0	0	1	0	0	0	0	0	0	0	0	0	0	0	0	0	0	0	0	0	0	0	0	0	0	0
Wildtype:Mycobacterium tuberculosis kasA mutant conferring resistance to isoniazid	0	0	0	0	0	0	0	0	0	0	0	0	0	0	0	0	0	0	0	0	0	0	0	0	0	0	0	0	0	0	0	0	0	0	0	0	0	0	0	0	0	0	0	0	0	0	0	0	0	0	0	0	0	0	0	0	0	0	0	0	0	0	0	0	0	0	0	0	0	0	0	0	0	0	0	0	0	0	0	0	0	0	0	0	0	0	0	0	0	0	0	0	0	0	0	0	0	0	0	0	0	0	0	0	0	0	0	0	0	0	1	0	0	0	0	0	0	0	0	0	0	0	0	0	0	0	0	0	0	0	0	0	0	0	0	0	0	0	0	0	0	0	0	0	0	0	0	0	0	0	0	0	0	0	0	0	0	0	0	0	0	0	0	0	0	0	0	0	0	0	0	0	0	0	0	0
Wildtype:Mycobacterium tuberculosis katG mutations conferring resistance to isoniazid	0	0	0	0	0	0	0	0	0	0	0	0	0	0	0	0	0	0	0	0	0	0	0	0	0	0	0	0	0	0	0	0	0	0	0	0	0	0	0	0	0	0	0	0	0	0	0	0	0	0	0	0	0	0	0	0	0	0	0	0	0	0	0	0	0	0	0	0	0	0	0	0	0	0	0	0	0	0	0	0	0	0	0	0	0	0	0	0	0	1	0	2	0	1	1	0	1	0	1	0	1	0	3	0	3	0	0	0	2	0	0	0	0	0	0	1	0	1	0	1	0	0	0	0	1	0	0	0	0	0	1	1	0	0	0	1	0	0	0	0	0	0	1	1	1	1	0	0	1	0	0	0	0	0	0	0	0	2	0	0	0	0	1	1	1	0	0	0	0	0	0	0	0	0	0	0
Wildtype:Mycobacterium tuberculosis ponA1 mutations confer resistance to rifabutin	0	0	0	0	0	0	0	0	0	0	0	0	0	0	0	0	0	0	0	0	0	0	0	0	0	0	0	0	0	0	0	0	0	0	0	0	0	0	0	0	0	0	0	0	0	0	0	0	0	0	0	0	0	0	0	0	0	0	0	0	0	0	0	0	0	0	0	0	0	0	0	0	0	0	0	0	0	0	0	0	0	0	0	0	0	0	0	0	0	0	0	0	0	0	0	0	0	0	0	0	0	0	0	0	0	0	0	0	0	0	0	0	0	0	0	0	0	0	0	0	0	0	0	0	0	0	0	0	0	0	0	0	0	0	0	0	0	0	0	1	0	0	0	0	0	0	0	0	0	0	0	0	0	0	0	0	0	0	0	0	0	0	0	0	0	0	0	0	0	0	0	0	0	0	0	0
Wildtype:Mycobacterium tuberculosis rpoA mutations confer resistance to rifampicin	0	0	0	0	0	0	0	0	0	0	0	0	0	0	0	0	0	0	0	0	0	0	0	0	0	0	0	0	0	0	0	0	0	0	0	0	0	0	0	0	0	0	0	0	0	0	0	0	0	0	0	0	0	0	0	0	0	0	0	0	0	0	0	0	0	0	0	0	0	0	0	0	0	0	0	0	0	0	0	0	0	0	0	0	0	0	0	0	0	0	0	0	0	0	0	0	0	0	0	0	0	0	0	0	0	0	0	0	0	0	1	0	1	0	0	0	0	0	0	0	0	0	0	0	0	0	0	0	0	0	1	1	0	0	0	0	0	0	0	1	0	0	0	0	0	0	0	0	0	0	0	0	0	0	0	0	0	0	0	0	0	0	0	0	0	0	0	0	0	0	0	0	0	0	0	0
Wildtype:Mycobacterium tuberculosis rpoB with mutations conferring resistance to rifampicin	0	0	0	0	0	0	0	0	0	0	0	0	0	0	0	0	0	0	0	0	0	0	0	0	0	0	0	0	0	0	0	0	0	0	0	0	0	0	0	0	0	0	0	0	0	0	0	0	0	0	0	0	0	0	0	0	0	0	0	0	0	0	0	0	0	0	0	0	0	0	0	0	0	0	0	0	0	0	0	0	0	0	0	0	0	0	0	0	0	4	3	1	0	0	0	0	2	0	0	0	0	0	1	0	0	0	0	0	2	1	3	7	4	0	0	1	0	0	3	1	0	0	2	0	0	0	0	0	2	1	1	7	0	0	0	0	0	0	1	3	0	0	0	0	0	0	0	0	2	4	0	0	0	0	0	1	7	6	1	1	1	5	0	1	0	3	3	5	2	0	0	0	0	0	0	1
Wildtype:Mycobacterium tuberculosis rpsA mutations conferring resistance to pyrazinamide	0	0	0	0	0	0	0	0	0	0	0	0	0	0	0	0	0	0	0	0	0	0	0	0	0	0	0	0	0	0	0	0	0	0	0	0	0	0	0	0	0	0	0	0	0	0	0	0	0	0	0	0	0	0	0	0	0	0	0	0	0	0	0	0	0	0	0	0	0	0	0	0	0	0	0	0	0	0	0	0	0	0	0	0	0	0	0	0	0	0	0	0	0	0	0	0	0	0	0	0	0	0	0	0	0	0	0	0	0	0	0	0	0	0	0	0	1	1	1	0	0	0	0	0	0	0	0	0	0	0	0	0	0	0	0	0	0	0	0	0	0	0	0	0	0	0	0	0	1	1	0	0	0	0	0	0	0	0	0	0	0	1	0	0	0	0	0	0	0	0	0	0	0	0	0	0
Wildtype:Mycobacterium tuberculosis rpsL mutations conferring resistance to Streptomycin	0	0	0	0	0	0	0	0	0	0	0	0	0	0	0	0	0	0	0	0	0	0	0	0	0	0	0	0	0	0	0	0	0	0	0	0	0	0	0	0	0	0	0	0	0	0	0	0	0	0	0	0	0	0	0	0	0	0	0	0	0	0	0	0	0	0	0	0	0	0	0	0	0	0	0	0	0	0	0	0	0	0	0	0	0	0	0	0	0	0	0	0	0	0	0	0	0	0	0	0	0	0	1	0	2	0	0	0	1	0	0	0	1	2	0	0	0	0	0	0	0	0	0	0	0	0	0	0	0	0	2	2	1	0	0	0	0	0	0	0	0	0	0	0	0	0	1	0	0	0	0	0	0	0	0	0	0	0	1	0	1	4	0	0	0	0	0	0	0	1	0	0	1	0	0	0
Wildtype:Mycobacterium tuberculosis thyA with mutation conferring resistance to para-aminosalicylic acid	0	0	0	0	0	0	0	0	0	0	0	0	0	0	0	0	0	0	0	0	0	0	0	0	0	0	0	0	0	0	0	0	0	0	0	0	0	0	0	0	0	0	0	0	0	0	0	0	0	0	0	0	0	0	0	0	0	0	0	0	0	0	0	0	0	0	0	0	0	0	0	0	0	0	0	0	0	0	0	0	0	0	0	0	0	0	0	0	0	0	0	0	0	0	0	0	0	0	0	0	0	0	0	0	0	0	0	0	0	0	0	0	0	0	0	0	0	0	0	0	0	0	0	0	0	0	0	0	0	0	0	1	0	0	0	0	0	0	0	0	0	1	0	0	0	0	0	0	0	0	0	0	0	0	0	0	0	0	0	0	0	0	0	0	0	0	0	1	0	0	0	0	0	0	0	0
Wildtype:Neisseria gonorrhoeae gyrA with mutations conferring resistance to fluoroquinolones	0	0	0	0	0	0	0	0	0	0	0	0	0	0	0	0	0	0	0	0	0	0	0	0	0	0	0	0	0	0	0	0	0	0	0	0	0	0	0	0	0	0	0	0	0	0	0	0	0	0	0	0	0	0	0	0	0	0	0	0	0	0	0	0	0	0	0	0	0	0	0	0	0	0	0	0	0	0	0	0	0	0	0	0	0	0	0	0	0	0	0	0	0	1	0	0	0	0	0	0	0	0	0	0	0	0	0	0	0	0	0	0	0	0	0	0	0	0	0	0	0	0	0	0	0	0	0	0	0	0	1	0	0	1	0	0	0	0	0	0	0	0	0	0	0	0	0	0	0	0	0	0	0	0	0	0	0	0	0	0	0	0	0	0	1	0	0	0	0	0	0	0	0	0	0	0
Wildtype:Neisseria gonorrhoeae gyrB conferring resistance to zoliflodacin	0	0	0	0	0	0	0	0	0	0	0	0	0	0	0	0	0	0	0	0	0	0	0	0	0	0	0	0	0	0	0	0	0	0	0	0	0	0	0	0	0	0	0	0	0	0	0	0	0	0	0	0	0	0	0	0	0	0	0	0	0	0	0	0	0	0	0	0	0	0	0	0	0	0	0	0	0	0	0	0	0	0	0	0	0	0	0	0	0	0	0	0	0	0	0	0	0	0	0	0	0	0	0	2	0	1	4	0	0	0	0	0	0	0	1	0	0	0	0	0	1	0	0	0	0	0	0	0	2	2	0	1	1	1	0	0	0	1	0	0	0	0	0	0	0	0	0	0	1	0	0	0	0	0	0	0	0	0	1	0	0	0	1	0	0	0	0	0	0	0	0	0	0	0	0	3
Wildtype:Neisseria gonorrhoeae rpld	0	0	0	0	0	0	0	0	0	0	0	0	0	0	0	0	0	0	0	0	0	0	0	0	0	0	0	0	0	0	0	0	0	0	0	0	0	0	0	0	0	0	0	0	0	0	0	0	0	0	0	0	0	0	0	0	0	0	0	0	0	0	0	0	0	0	0	0	0	0	0	0	0	0	0	0	0	0	0	0	0	0	0	0	0	0	0	0	0	0	0	0	0	0	0	0	0	0	0	0	0	0	0	0	0	0	0	0	0	0	0	0	0	0	0	0	0	0	0	0	0	0	0	0	0	0	0	0	0	0	0	0	0	0	0	0	0	0	0	0	0	0	0	0	0	0	0	0	0	0	0	0	0	0	0	0	0	0	0	0	0	2	0	0	0	0	0	0	0	0	0	0	0	0	0	0
Wildtype:Pseudomonas aeruginosa gyrA conferring resistance to fluoroquinolones	0	0	0	0	0	0	0	0	0	0	0	0	0	0	0	0	0	0	0	0	0	0	0	0	0	0	0	0	0	0	0	0	0	0	0	0	0	0	0	0	0	0	0	0	0	0	0	0	0	0	0	0	0	0	0	0	0	0	0	0	0	0	0	0	0	0	0	0	0	0	0	0	0	0	0	0	0	0	0	0	0	0	0	0	0	0	0	0	7	5	6	4	2	1	39	27	1	1	0	1	0	0	28	22	20	25	14	14	0	1	0	1	0	0	39	36	38	41	7	7	30	39	43	38	30	32	33	33	7	10	1	0	3	5	31	42	37	42	2	0	23	29	0	0	18	17	0	0	2	1	5	8	87	83	51	42	3	7	6	3	64	88	0	0	0	0	1	1	1	1	0	1	1	0	4	7
Wildtype:Pseudomonas aeruginosa parE conferring resistance to fluoroquinolones	0	0	0	0	0	0	0	0	0	0	0	0	0	0	0	0	0	0	0	0	0	0	0	0	0	0	0	0	0	0	0	0	0	0	0	0	0	0	0	0	0	0	0	0	0	0	0	0	0	0	0	0	0	0	0	0	0	0	0	0	0	0	0	0	0	0	0	0	0	0	0	0	0	0	0	0	0	0	0	0	0	0	0	0	0	0	0	0	1	0	0	0	0	0	0	0	1	0	0	0	0	0	6	3	3	0	0	0	0	0	0	0	0	0	0	0	0	1	0	0	0	1	2	0	0	0	0	1	0	0	0	0	1	1	0	1	0	1	0	0	7	7	0	0	9	7	0	0	0	0	0	0	4	3	0	0	0	0	0	0	0	7	0	0	1	0	0	0	0	0	0	0	0	0	0	0
Wildtype:Salmonella enterica gyrA conferring resistance to fluoroquinolones	0	0	0	0	0	0	0	0	0	0	0	0	0	0	0	0	0	0	0	0	0	0	0	0	0	0	0	0	0	0	0	0	0	0	0	0	0	0	0	0	0	0	0	0	0	0	0	0	0	0	0	0	0	0	0	0	0	0	0	0	0	0	0	0	0	0	0	0	0	0	0	0	0	0	0	0	0	0	0	0	0	0	0	0	0	0	0	0	4	3	1	1	0	0	47	74	1	2	0	0	0	0	26	23	61	47	2	0	0	0	0	0	0	1	58	74	55	74	1	0	55	59	63	71	58	49	81	61	1	0	2	2	1	0	59	64	84	50	3	2	38	36	0	0	40	30	0	1	0	1	0	0	133	150	101	82	0	0	5	3	135	165	0	0	1	0	0	1	0	0	0	1	0	0	0	0
Wildtype:Salmonella enterica parC conferring resistance to fluoroquinolones	0	0	0	0	0	0	0	0	0	0	0	0	0	0	0	0	0	0	0	0	0	0	0	0	0	0	0	0	0	0	0	0	0	0	0	0	0	0	0	0	0	0	0	0	0	0	0	0	0	0	0	0	0	0	0	0	0	0	0	0	0	0	0	0	0	0	0	0	0	0	0	0	0	0	0	0	0	0	0	0	0	0	0	0	0	0	0	0	2	1	0	0	0	0	44	47	2	0	1	0	0	0	52	63	71	71	0	0	0	0	0	1	4	1	30	36	35	40	3	1	32	38	40	40	37	48	46	52	0	0	0	0	1	6	31	33	27	29	2	1	58	66	0	0	50	46	0	0	1	0	0	0	83	73	56	35	2	0	1	0	75	62	0	0	1	1	5	1	0	0	0	0	1	0	1	0
Wildtype:Salmonella isangi gyrB conferring resistance to fluoroquinolones	0	0	0	0	0	0	0	0	0	0	0	0	0	0	0	0	0	0	0	0	0	0	0	0	0	0	0	0	0	0	0	0	0	0	0	0	0	0	0	0	0	0	0	0	0	0	0	0	0	0	0	0	0	0	0	0	0	0	0	0	0	0	0	0	0	0	0	0	0	0	0	0	0	0	0	0	0	0	0	0	0	0	0	0	0	0	0	0	0	1	0	0	0	0	5	4	0	0	0	0	0	0	4	5	1	9	1	0	0	0	0	0	0	0	1	7	1	3	0	0	6	3	4	1	1	5	1	6	0	0	0	0	0	0	0	2	2	3	0	0	2	1	0	0	1	3	0	0	0	0	0	0	4	4	5	6	0	0	0	0	4	7	0	0	0	1	0	0	0	0	0	0	0	0	0	0
Wildtype:Salmonella serovars gyrB conferring resistance to fluoroquinolones	0	0	0	0	0	0	0	0	0	0	0	0	0	0	0	0	0	0	0	0	0	0	0	0	0	0	0	0	0	0	0	0	0	0	0	0	0	0	0	0	0	0	0	0	0	0	0	0	0	0	0	0	0	0	0	0	0	0	0	0	0	0	0	0	0	0	0	0	0	0	0	0	0	0	0	0	0	0	0	0	0	0	0	0	0	0	0	0	2	0	0	0	0	0	0	0	0	0	0	0	0	0	1	0	1	0	0	0	1	0	0	1	0	0	1	0	1	0	0	2	0	0	0	0	0	0	0	0	0	0	0	0	1	0	0	0	0	0	1	1	0	0	0	0	0	0	0	0	0	0	0	0	0	0	1	0	0	0	0	0	0	0	0	0	0	0	0	1	0	0	0	1	0	0	0	0
Wildtype:Shigella flexneri gyrA conferring resistance to fluoroquinolones	0	0	0	0	0	0	0	0	0	0	0	0	0	0	0	0	0	0	0	0	0	0	0	0	0	0	0	0	0	0	0	0	0	0	0	0	0	0	0	0	0	0	0	0	0	0	0	0	0	0	0	0	0	0	0	0	0	0	0	0	0	0	0	0	0	0	0	0	0	0	0	0	0	0	0	0	0	0	0	0	0	0	0	0	0	0	0	0	0	2	1	1	1	1	28	26	0	2	2	3	0	0	22	28	31	35	0	0	0	1	0	0	0	0	53	41	30	35	3	3	37	39	32	36	33	30	21	38	0	0	0	1	11	10	44	28	28	29	1	1	36	30	0	0	36	37	0	0	1	2	0	1	44	44	50	52	9	3	2	2	80	65	2	1	1	4	1	3	1	0	0	0	0	0	0	2
Wildtype:Shigella flexneri parC conferring resistance to fluoroquinolones	0	0	0	0	0	0	0	0	0	0	0	0	0	0	0	0	0	0	0	0	0	0	0	0	0	0	0	0	0	0	0	0	0	0	0	0	0	0	0	0	0	0	0	0	0	0	0	0	0	0	0	0	0	0	0	0	0	0	0	0	0	0	0	0	0	0	0	0	0	0	0	0	0	0	0	0	0	0	0	0	0	0	0	0	0	0	0	0	2	2	1	0	0	0	14	16	1	0	0	0	0	0	12	23	13	26	0	0	0	0	1	1	0	0	12	13	10	12	2	4	7	18	18	11	17	20	16	22	0	0	0	0	18	20	13	10	6	11	0	1	24	18	0	0	38	26	0	0	4	1	1	0	30	25	24	22	1	2	1	1	34	38	0	0	0	0	0	2	1	1	0	0	1	0	0	0
Wildtype:Staphylococcus aureus fusA with mutation conferring resistance to fusidic acid	0	0	0	0	0	0	0	0	0	0	0	0	0	0	0	0	0	0	0	0	0	0	0	0	0	0	0	0	0	0	0	0	0	0	0	0	0	0	0	0	0	0	0	0	0	0	0	0	0	0	0	0	0	0	0	0	0	0	0	0	0	0	0	0	0	0	0	0	0	0	0	0	0	0	0	0	0	0	0	0	0	0	0	0	0	0	0	0	0	0	0	0	0	0	1	1	0	0	0	0	0	0	0	0	0	0	0	0	0	0	0	0	0	0	0	0	0	0	0	0	0	0	0	0	0	0	0	0	0	0	0	0	0	0	0	0	0	0	0	0	0	0	0	0	0	0	0	0	0	0	0	0	0	0	0	0	0	0	0	0	6	4	0	0	0	0	0	0	0	0	0	0	0	0	0	0
Wildtype:Staphylococcus aureus gyrA conferring resistance to fluoroquinolones	0	0	0	0	0	0	0	0	0	0	0	0	0	0	0	0	0	0	0	0	0	0	0	0	0	0	0	0	0	0	0	0	0	0	0	0	0	0	0	0	0	0	0	0	0	0	0	0	0	0	0	0	0	0	0	0	0	0	0	0	0	0	0	0	0	0	0	0	0	0	0	0	0	0	0	0	0	0	0	0	0	0	0	0	0	0	0	0	0	0	0	0	0	0	0	0	0	0	0	0	0	0	0	0	0	0	0	0	0	0	0	0	0	0	0	0	0	0	0	0	0	0	0	0	0	0	0	0	0	0	0	0	0	0	0	0	0	0	0	0	0	0	0	0	0	0	0	0	0	0	0	0	0	0	0	0	0	0	0	0	1	1	0	0	0	0	0	0	0	0	0	0	0	0	0	0
Wildtype:Staphylococcus aureus gyrB conferring resistance to aminocoumarin	0	0	0	0	0	0	0	0	0	0	0	0	0	0	0	0	0	0	0	0	0	0	0	0	0	0	0	0	0	0	0	0	0	0	0	0	0	0	0	0	0	0	0	0	0	0	0	0	0	0	0	0	0	0	0	0	0	0	0	0	0	0	0	0	0	0	0	0	0	0	0	0	0	0	0	0	0	0	0	0	0	0	0	0	0	0	0	0	0	0	0	0	0	0	0	0	0	0	0	0	0	0	0	0	0	0	0	0	0	0	0	0	0	0	0	0	0	0	0	0	0	0	0	0	0	0	0	0	0	0	0	0	0	0	0	0	0	0	0	0	0	0	0	0	0	0	0	0	0	0	0	0	0	0	0	0	0	0	0	0	4	0	0	0	0	0	0	0	0	0	0	0	0	0	0	0
Wildtype:Staphylococcus aureus ileS with mutation conferring resistance to mupirocin	0	0	0	0	0	0	0	0	0	0	0	0	0	0	0	0	0	0	0	0	0	0	0	0	0	0	0	0	0	0	0	0	0	0	0	0	0	0	0	0	0	0	0	0	0	0	0	0	0	0	0	0	0	0	0	0	0	0	0	0	0	0	0	0	0	0	0	0	0	0	0	0	0	0	0	0	0	0	0	0	0	0	0	0	0	0	0	0	0	0	0	0	0	0	0	0	0	0	0	0	0	0	0	0	0	0	0	0	0	0	0	0	0	0	0	0	0	0	0	0	0	0	0	0	1	0	0	0	0	0	0	0	0	0	0	0	0	0	0	0	0	0	0	0	0	0	0	0	0	0	0	0	0	0	0	0	0	0	0	0	1	0	0	0	0	0	0	0	0	0	0	0	0	0	0	0
Wildtype:Staphylococcus aureus parE conferring resistance to fluoroquinolones	0	0	0	0	0	0	0	0	0	0	0	0	0	0	0	0	0	0	0	0	0	0	0	0	0	0	0	0	0	0	0	0	0	0	0	0	0	0	0	0	0	0	0	0	0	0	0	0	0	0	0	0	0	0	0	0	0	0	0	0	0	0	0	0	0	0	0	0	0	0	0	0	0	0	0	0	0	0	0	0	0	0	0	0	0	0	0	0	0	0	0	0	0	0	0	0	0	0	0	0	0	0	0	0	0	0	0	0	0	0	0	0	0	0	0	0	0	0	0	0	0	0	0	0	0	0	0	0	0	0	0	0	0	0	0	0	0	0	0	0	0	0	0	0	0	0	0	0	0	0	0	0	0	0	0	0	0	0	0	0	0	1	0	0	0	0	0	0	0	0	0	0	0	0	0	0
Wildtype:Staphylococcus aureus rpoB mutants conferring resistance to daptomycin	0	0	0	0	0	0	0	0	0	0	0	0	0	0	0	0	0	0	0	0	0	0	0	0	0	0	0	0	0	0	0	0	0	0	0	0	0	0	0	0	0	0	0	0	0	0	0	0	0	0	0	0	0	0	0	0	0	0	0	0	0	0	0	0	0	0	0	0	0	0	0	0	0	0	0	0	0	0	0	0	0	0	0	0	0	0	0	0	3	6	7	2	2	2	18	20	4	0	1	2	3	2	14	8	12	17	0	0	2	0	1	2	1	0	22	14	16	15	3	3	10	13	15	14	18	12	14	17	2	2	2	8	3	5	20	14	19	13	0	0	10	11	0	2	8	14	2	1	1	2	4	2	49	37	30	24	3	8	0	2	25	30	0	2	7	3	6	3	3	2	0	1	2	6	2	2
Wildtype:Staphylococcus aureus rpoB mutants conferring resistance to rifampicin	0	0	0	0	0	0	0	0	0	0	0	0	0	0	0	0	0	0	0	0	0	0	0	0	0	0	0	0	0	0	0	0	0	0	0	0	0	0	0	0	0	0	0	0	0	0	0	0	0	0	0	0	0	0	0	0	0	0	0	0	0	0	0	0	0	0	0	0	0	0	0	0	0	0	0	0	0	0	0	0	0	0	0	0	0	0	0	0	0	0	8	10	4	6	0	0	1	0	3	0	0	0	0	0	0	0	0	0	1	0	1	1	0	0	0	0	0	0	2	0	0	0	0	0	0	1	0	0	5	0	4	3	0	0	0	0	0	0	0	0	0	0	0	0	0	0	0	0	8	9	3	1	0	0	0	0	0	0	0	0	1	0	0	0	7	7	5	5	2	3	0	0	4	4	5	4
Wildtype:Staphylococcus aureus walK with mutation conferring resistance to daptomycin	0	0	0	0	0	0	0	0	0	0	0	0	0	0	0	0	0	0	0	0	0	0	0	0	0	0	0	0	0	0	0	0	0	0	0	0	0	0	0	0	0	0	0	0	0	0	0	0	0	0	0	0	0	0	0	0	0	0	0	0	0	0	0	0	0	0	0	0	0	0	0	0	0	0	0	0	0	0	0	0	0	0	0	0	0	0	0	0	0	0	0	0	0	0	0	0	0	0	0	0	0	0	0	0	0	0	0	0	0	0	0	0	0	0	0	0	0	0	0	0	0	0	0	0	0	1	0	0	0	0	0	0	0	0	0	0	0	0	0	0	0	0	0	0	0	0	0	0	0	0	0	0	0	0	0	0	0	0	0	0	0	0	0	0	0	0	0	0	0	0	0	0	0	0	0	0
Wildtype:Ureaplasma urealyticum gyrB conferring resistance to fluoroquinolones	0	0	0	0	0	0	0	0	0	0	0	0	0	0	0	0	0	0	0	0	0	0	0	0	0	0	0	0	0	0	0	0	0	0	0	0	0	0	0	0	0	0	0	0	0	0	0	0	0	0	0	0	0	0	0	0	0	0	0	0	0	0	0	0	0	0	0	0	0	0	0	0	0	0	0	0	0	0	0	0	0	0	0	0	0	0	0	0	0	0	0	0	0	0	0	0	0	0	0	0	0	0	0	0	0	0	0	0	0	0	0	0	0	0	0	0	0	0	0	0	0	0	0	0	0	0	0	0	0	0	0	0	0	0	0	0	0	0	0	0	0	0	0	0	0	0	0	0	0	0	0	0	0	0	0	0	0	0	0	1	0	0	0	0	0	0	0	0	0	0	0	0	0	0	0	0
Wildtype:Vibrio vulnificus rpoB mutants conferring resistance to rifampin	0	0	0	0	0	0	0	0	0	0	0	0	0	0	0	0	0	0	0	0	0	0	0	0	0	0	0	0	0	0	0	0	0	0	0	0	0	0	0	0	0	0	0	0	0	0	0	0	0	0	0	0	0	0	0	0	0	0	0	0	0	0	0	0	0	0	0	0	0	0	0	0	0	0	0	0	0	0	0	0	0	0	0	0	0	0	0	0	16	17	13	11	3	8	96	93	10	1	7	4	8	10	72	75	97	91	3	1	4	2	2	1	5	1	122	127	107	97	4	0	132	108	134	124	127	108	107	102	5	5	9	12	54	48	104	99	93	84	2	3	91	98	3	7	105	101	4	1	10	11	7	8	172	179	148	122	22	20	13	6	193	213	7	9	9	20	17	18	9	4	7	3	5	5	7	8
TOTAL READS	9228258	9228258	8455308	8455308	7796274	7796274	8913998	8913998	9434779	9434779	8076856	8076856	8216733	8216733	8280352	8280352	9481912	9481912	7809299	7809299	7798908	7798908	8616311	8616311	9489885	9489885	9834697	9834697	9101989	9101989	8520610	8520610	9105217	9105217	9732196	9732196	8856243	8856243	9366856	9366856	7819397	7819397	8768763	8768763	8476373	8476373	8584009	8584009	8109136	8109136	9089181	9089181	8522367	8522367	8235865	8235865	8816931	8816931	8215862	8215862	8627532	8627532	7306605	7306605	16554976	16554976	11933788	11933788	9326222	9326222	8160928	8160928	19732474	19732474	8262539	8262539	8315037	8315037	9095355	9095355	9828226	9828226	9600333	9600333	8835416	8835416	7604732	7604732	9228258	9228258	8455308	8455308	7796274	7796274	8913998	8913998	9434779	9434779	8076856	8076856	8216733	8216733	8280352	8280352	9481912	9481912	7809299	7809299	7798908	7798908	8616311	8616311	9489885	9489885	9834697	9834697	9101989	9101989	8520610	8520610	9105217	9105217	9732196	9732196	8856243	8856243	9366856	9366856	7819397	7819397	8768763	8768763	8476373	8476373	8584009	8584009	8109136	8109136	9089181	9089181	8522367	8522367	8235865	8235865	8816931	8816931	8215862	8215862	8627532	8627532	7306605	7306605	16554976	16554976	11933788	11933788	9326222	9326222	8160928	8160928	19732474	19732474	8262539	8262539	8315037	8315037	9095355	9095355	9828226	9828226	9600333	9600333	8835416	8835416	7604732	7604732