Accession	SRR29811038_1_val-Mut	SRR29811038_2_val-Mut	SRR29811039_1_val-Mut	SRR29811039_2_val-Mut	SRR29811040_1_val-Mut	SRR29811040_2_val-Mut	SRR29811041_1_val-Mut	SRR29811041_2_val-Mut	SRR29811042_1_val-Mut	SRR29811042_2_val-Mut	SRR29811043_1_val-Mut	SRR29811043_2_val-Mut	SRR29811044_1_val-Mut	SRR29811044_2_val-Mut	SRR29811045_1_val-Mut	SRR29811045_2_val-Mut	SRR29811046_1_val-Mut	SRR29811046_2_val-Mut	SRR29811047_1_val-Mut	SRR29811047_2_val-Mut	SRR29811048_1_val-Mut	SRR29811048_2_val-Mut	SRR29811049_1_val-Mut	SRR29811049_2_val-Mut	SRR29811050_1_val-Mut	SRR29811050_2_val-Mut	SRR29811051_1_val-Mut	SRR29811051_2_val-Mut	SRR29811052_1_val-Mut	SRR29811052_2_val-Mut	SRR29811053_1_val-Mut	SRR29811053_2_val-Mut	SRR29811054_1_val-Mut	SRR29811054_2_val-Mut	SRR29811055_1_val-Mut	SRR29811055_2_val-Mut	SRR29811056_1_val-Mut	SRR29811056_2_val-Mut	SRR29811057_1_val-Mut	SRR29811057_2_val-Mut	SRR29811058_1_val-Mut	SRR29811058_2_val-Mut	SRR29811059_1_val-Mut	SRR29811059_2_val-Mut	SRR29811060_1_val-Mut	SRR29811060_2_val-Mut	SRR29811061_1_val-Mut	SRR29811061_2_val-Mut	SRR29811062_1_val-Mut	SRR29811062_2_val-Mut	SRR29811063_1_val-Mut	SRR29811063_2_val-Mut	SRR29811064_1_val-Mut	SRR29811064_2_val-Mut	SRR29811065_1_val-Mut	SRR29811065_2_val-Mut	SRR29811066_1_val-Mut	SRR29811066_2_val-Mut	SRR29811067_1_val-Mut	SRR29811067_2_val-Mut	SRR29811068_1_val-Mut	SRR29811068_2_val-Mut	SRR29811070_1_val-Mut	SRR29811070_2_val-Mut	SRR29811071_1_val-Mut	SRR29811071_2_val-Mut	SRR29811072_1_val-Mut	SRR29811072_2_val-Mut	SRR29811073_1_val-Mut	SRR29811073_2_val-Mut	SRR29811074_1_val-Mut	SRR29811074_2_val-Mut	SRR29811075_1_val-Mut	SRR29811075_2_val-Mut	SRR29811076_1_val-Mut	SRR29811076_2_val-Mut	SRR29811077_1_val-Mut	SRR29811077_2_val-Mut	SRR29811078_1_val-Mut	SRR29811078_2_val-Mut	SRR29811079_1_val-Mut	SRR29811079_2_val-Mut	SRR29811080_1_val-Mut	SRR29811080_2_val-Mut	SRR29811081_1_val-Mut	SRR29811081_2_val-Mut	SRR29811082_1_val-Mut	SRR29811082_2_val-Mut	SRR29811083_1_val-Mut	SRR29811083_2_val-Mut	SRR29811084_1_val-Mut	SRR29811084_2_val-Mut	SRR29811085_1_val-Mut	SRR29811085_2_val-Mut	SRR29811086_1_val-Mut	SRR29811086_2_val-Mut	SRR29811087_1_val-Mut	SRR29811087_2_val-Mut	SRR29811088_1_val-Mut	SRR29811088_2_val-Mut	SRR29811089_1_val-Mut	SRR29811089_2_val-Mut	SRR29811090_1_val-Mut	SRR29811090_2_val-Mut	SRR29811091_1_val-Mut	SRR29811091_2_val-Mut	SRR29811092_1_val-Mut	SRR29811092_2_val-Mut	SRR29811093_1_val-Mut	SRR29811093_2_val-Mut	SRR29811094_1_val-Mut	SRR29811094_2_val-Mut	SRR29811095_1_val-Mut	SRR29811095_2_val-Mut	SRR29811096_1_val-Mut	SRR29811096_2_val-Mut	SRR29811097_1_val-Mut	SRR29811097_2_val-Mut	SRR29811098_1_val-Mut	SRR29811098_2_val-Mut	SRR29811099_1_val-Mut	SRR29811099_2_val-Mut	SRR29811038_1_val-WT	SRR29811038_2_val-WT	SRR29811039_1_val-WT	SRR29811039_2_val-WT	SRR29811040_1_val-WT	SRR29811040_2_val-WT	SRR29811041_1_val-WT	SRR29811041_2_val-WT	SRR29811042_1_val-WT	SRR29811042_2_val-WT	SRR29811043_1_val-WT	SRR29811043_2_val-WT	SRR29811044_1_val-WT	SRR29811044_2_val-WT	SRR29811045_1_val-WT	SRR29811045_2_val-WT	SRR29811046_1_val-WT	SRR29811046_2_val-WT	SRR29811047_1_val-WT	SRR29811047_2_val-WT	SRR29811048_1_val-WT	SRR29811048_2_val-WT	SRR29811049_1_val-WT	SRR29811049_2_val-WT	SRR29811050_1_val-WT	SRR29811050_2_val-WT	SRR29811051_1_val-WT	SRR29811051_2_val-WT	SRR29811052_1_val-WT	SRR29811052_2_val-WT	SRR29811053_1_val-WT	SRR29811053_2_val-WT	SRR29811054_1_val-WT	SRR29811054_2_val-WT	SRR29811055_1_val-WT	SRR29811055_2_val-WT	SRR29811056_1_val-WT	SRR29811056_2_val-WT	SRR29811057_1_val-WT	SRR29811057_2_val-WT	SRR29811058_1_val-WT	SRR29811058_2_val-WT	SRR29811059_1_val-WT	SRR29811059_2_val-WT	SRR29811060_1_val-WT	SRR29811060_2_val-WT	SRR29811061_1_val-WT	SRR29811061_2_val-WT	SRR29811062_1_val-WT	SRR29811062_2_val-WT	SRR29811063_1_val-WT	SRR29811063_2_val-WT	SRR29811064_1_val-WT	SRR29811064_2_val-WT	SRR29811065_1_val-WT	SRR29811065_2_val-WT	SRR29811066_1_val-WT	SRR29811066_2_val-WT	SRR29811067_1_val-WT	SRR29811067_2_val-WT	SRR29811068_1_val-WT	SRR29811068_2_val-WT	SRR29811070_1_val-WT	SRR29811070_2_val-WT	SRR29811071_1_val-WT	SRR29811071_2_val-WT	SRR29811072_1_val-WT	SRR29811072_2_val-WT	SRR29811073_1_val-WT	SRR29811073_2_val-WT	SRR29811074_1_val-WT	SRR29811074_2_val-WT	SRR29811075_1_val-WT	SRR29811075_2_val-WT	SRR29811076_1_val-WT	SRR29811076_2_val-WT	SRR29811077_1_val-WT	SRR29811077_2_val-WT	SRR29811078_1_val-WT	SRR29811078_2_val-WT	SRR29811079_1_val-WT	SRR29811079_2_val-WT	SRR29811080_1_val-WT	SRR29811080_2_val-WT	SRR29811081_1_val-WT	SRR29811081_2_val-WT	SRR29811082_1_val-WT	SRR29811082_2_val-WT	SRR29811083_1_val-WT	SRR29811083_2_val-WT	SRR29811084_1_val-WT	SRR29811084_2_val-WT	SRR29811085_1_val-WT	SRR29811085_2_val-WT	SRR29811086_1_val-WT	SRR29811086_2_val-WT	SRR29811087_1_val-WT	SRR29811087_2_val-WT	SRR29811088_1_val-WT	SRR29811088_2_val-WT	SRR29811089_1_val-WT	SRR29811089_2_val-WT	SRR29811090_1_val-WT	SRR29811090_2_val-WT	SRR29811091_1_val-WT	SRR29811091_2_val-WT	SRR29811092_1_val-WT	SRR29811092_2_val-WT	SRR29811093_1_val-WT	SRR29811093_2_val-WT	SRR29811094_1_val-WT	SRR29811094_2_val-WT	SRR29811095_1_val-WT	SRR29811095_2_val-WT	SRR29811096_1_val-WT	SRR29811096_2_val-WT	SRR29811097_1_val-WT	SRR29811097_2_val-WT	SRR29811098_1_val-WT	SRR29811098_2_val-WT	SRR29811099_1_val-WT	SRR29811099_2_val-WT
A1085V:Staphylococcus aureus rpoB mutants conferring resistance to daptomycin	0	0	0	0	0	0	0	0	0	0	0	0	0	0	0	0	0	0	0	0	0	0	0	0	0	0	0	0	0	0	0	0	0	0	0	0	0	0	0	0	0	0	0	0	0	0	0	0	0	0	0	0	0	0	0	0	0	0	0	0	0	0	0	0	0	0	0	0	0	0	0	0	1	1	0	0	0	0	0	0	0	0	0	0	0	0	0	0	0	0	0	0	0	0	0	0	0	0	0	0	0	0	0	0	0	0	0	0	0	0	0	0	0	0	0	0	0	0	0	0	0	0	10	7	5	5	7	5	13	6	5	2	5	2	5	4	11	11	4	5	8	7	4	5	0	0	4	6	0	1	1	2	4	4	2	2	3	3	4	6	6	3	3	2	5	5	2	3	6	4	3	3	2	2	4	3	5	5	6	7	3	3	3	2	6	3	3	3	7	6	1	2	3	4	3	2	4	5	3	5	2	1	2	4	4	3	3	4	3	1	8	6	12	14	14	11	4	5	7	7	6	5	3	2	4	2	2	2	3	0	3	2	4	7	4	6	4	4	2	4	2	5	4	4
A314G:Mycobacterium tuberculosis embB mutant conferring resistance to ethambutol	0	0	0	0	0	0	0	0	0	0	0	0	0	0	0	0	0	0	0	0	0	0	0	0	0	0	0	0	0	0	0	0	0	0	0	0	0	0	0	0	0	0	0	0	0	0	0	0	0	0	0	0	0	0	0	0	0	0	0	0	0	1	0	0	0	0	0	0	0	0	0	0	0	0	0	0	0	0	0	0	0	0	0	0	0	0	0	0	0	0	0	0	0	0	0	0	0	0	0	0	0	0	0	0	0	0	0	0	0	0	3	3	1	0	0	0	0	1	0	0	0	1	0	0	0	0	0	0	0	0	0	0	0	0	0	0	0	0	0	0	0	0	0	0	0	0	0	0	0	0	0	0	0	0	0	0	0	0	0	0	0	0	0	0	0	0	0	0	0	0	0	0	0	0	0	0	0	0	0	0	0	1	1	1	0	0	0	0	0	0	0	0	0	0	0	0	0	0	0	0	0	0	0	0	0	0	0	0	0	0	0	0	0	0	0	0	0	0	0	0	0	0	0	0	0	0	1	0	0	0	0	0	0	0	0	0	0	0	0	0	0	1	0	0
D328Y:Mycobacterium tuberculosis embB mutant conferring resistance to ethambutol	0	0	0	0	0	0	0	0	0	0	0	0	0	0	0	0	0	0	0	0	0	0	0	0	0	0	0	0	0	0	0	0	0	0	0	0	0	0	0	0	0	0	0	0	0	0	0	0	0	0	0	0	0	0	0	0	0	0	0	0	0	0	0	0	0	0	0	0	0	0	0	0	0	0	0	0	0	0	0	0	0	0	0	0	0	0	0	0	0	0	0	0	0	0	0	0	0	0	0	0	0	0	0	0	0	0	0	0	0	0	0	0	1	0	0	0	0	0	0	0	0	0	0	0	0	0	0	0	0	0	0	0	0	0	0	0	0	0	0	0	0	0	0	0	0	0	0	0	0	0	0	0	0	0	0	0	0	0	0	0	0	0	0	0	0	0	0	0	0	0	0	0	0	0	0	0	0	0	0	0	0	1	1	1	0	0	0	0	0	0	0	0	0	0	0	0	0	0	0	0	0	0	0	0	0	0	0	0	0	0	0	0	0	0	0	0	0	0	0	0	0	0	0	0	0	0	1	0	0	0	0	0	0	0	0	0	0	0	0	0	0	1	0	0
F330S:Mycobacterium tuberculosis embB mutant conferring resistance to ethambutol	0	0	0	0	0	0	0	0	0	0	0	0	0	0	0	0	0	0	0	0	0	0	0	0	0	0	0	0	0	0	0	0	0	0	0	0	0	0	0	0	0	0	0	0	0	0	0	0	0	0	0	0	0	0	0	0	0	0	0	0	0	0	0	0	0	0	0	0	0	0	0	0	0	0	0	0	0	0	0	0	0	0	0	0	0	0	0	0	0	0	0	0	0	0	0	0	0	0	0	0	0	0	0	0	0	0	0	0	0	0	0	0	1	0	0	0	0	0	0	0	0	0	0	0	0	0	0	0	0	0	0	0	0	0	0	0	0	0	0	0	0	0	0	0	0	0	0	0	0	0	0	0	0	0	0	0	0	0	0	0	0	0	0	0	0	0	0	0	0	0	0	0	0	0	0	0	0	0	0	0	0	1	1	1	0	0	0	0	0	0	0	0	0	0	0	0	0	0	0	0	0	0	0	0	0	0	0	0	0	0	0	0	0	0	0	0	0	0	0	0	0	0	0	0	0	0	1	0	0	0	0	0	0	0	0	0	0	0	0	0	0	1	0	0
Y334H:Mycobacterium tuberculosis embB mutant conferring resistance to ethambutol	0	0	0	0	0	0	0	0	0	0	0	0	0	0	0	0	0	0	0	0	0	0	0	0	0	0	0	0	0	0	0	0	0	0	0	0	0	0	0	0	0	0	0	0	0	0	0	0	0	0	0	0	0	0	0	0	0	0	0	0	0	1	0	0	0	0	0	0	0	0	0	0	0	0	0	0	0	0	0	0	0	0	0	0	0	0	0	0	0	0	0	0	0	0	0	0	0	0	0	0	0	0	0	0	0	0	0	0	0	0	3	0	1	0	0	0	0	1	0	0	0	0	0	0	0	0	0	0	0	0	0	0	0	0	0	0	0	0	0	0	0	0	0	0	0	0	0	0	0	0	0	0	0	0	0	0	0	0	0	0	0	0	0	0	0	0	0	0	0	0	0	0	0	0	0	0	0	0	0	0	0	1	1	1	0	0	0	0	0	0	0	0	0	0	0	0	0	0	0	0	0	0	0	0	0	0	0	0	0	0	0	0	0	0	0	0	0	0	0	0	0	0	0	0	0	0	1	0	0	0	0	0	0	0	0	0	0	0	0	0	0	1	0	0
A381V:Mycobacterium tuberculosis rpoB with mutations conferring resistance to rifampicin	0	0	0	0	0	0	0	0	0	0	1	0	0	0	0	0	0	0	0	2	0	0	0	0	0	0	0	0	0	0	0	0	0	0	0	0	0	0	0	0	0	0	0	0	0	0	0	0	0	0	0	0	0	0	0	0	0	0	0	0	0	0	0	0	0	0	0	0	0	0	0	0	0	0	0	0	0	0	0	0	0	0	0	0	0	0	0	0	0	0	0	0	0	0	1	0	0	0	0	1	0	0	0	0	0	0	0	0	0	0	1	0	0	0	0	1	0	0	1	1	1	0	1	0	12	17	13	15	27	30	0	0	13	10	6	8	11	16	5	3	12	7	4	2	2	2	3	5	2	3	4	2	5	5	11	9	3	5	2	0	3	6	3	5	1	1	13	9	14	18	2	1	7	4	0	2	2	5	2	4	7	9	8	8	8	11	7	4	0	2	1	0	3	4	12	12	4	5	4	9	5	4	5	5	4	3	3	2	2	1	69	72	2	2	84	83	4	5	2	4	0	0	2	1	4	4	1	2	1	0	1	1	10	7	5	1	3	3	10	5	5	6	3	5
A412V:Mycobacterium tuberculosis rpsA mutations conferring resistance to pyrazinamide	0	0	0	0	0	0	0	0	0	0	0	0	0	0	0	0	0	0	0	0	0	0	0	0	0	0	0	0	0	0	0	0	0	0	0	0	0	0	0	0	0	0	0	0	0	0	0	0	0	0	0	0	0	0	2	0	0	0	0	0	0	0	0	0	0	0	0	0	0	0	0	0	0	0	0	0	0	0	0	0	0	0	0	0	0	0	0	0	0	0	0	0	0	0	0	0	0	0	0	0	0	0	0	0	0	0	0	0	0	0	0	0	0	0	0	0	0	0	0	3	1	0	0	0	0	0	5	3	0	0	0	0	0	0	0	1	0	0	0	0	0	0	0	0	0	0	1	0	0	0	0	0	0	0	0	0	0	0	0	0	1	0	1	1	0	0	0	0	0	0	0	0	0	0	0	0	0	2	0	0	0	0	0	0	0	0	0	0	0	0	0	0	0	0	1	1	0	0	0	0	0	0	0	0	0	1	0	0	0	0	2	0	1	2	0	0	0	0	0	0	0	0	0	0	0	0	0	1	0	0	0	0	0	1	1	2	3	1	4	2	0	1	3	4
A67S:Escherichia coli gyrA conferring resistance to fluoroquinolones	0	0	0	0	0	0	0	0	0	0	0	0	0	0	0	0	0	0	0	0	0	0	0	0	0	0	0	0	0	0	0	0	0	0	0	0	0	0	0	0	0	0	2	1	0	0	0	0	0	0	0	0	0	0	0	0	0	0	0	0	0	0	0	0	0	0	0	0	0	0	0	0	0	0	0	0	0	0	0	0	0	0	0	0	0	0	0	0	0	0	0	0	0	0	0	0	0	0	0	0	0	0	0	0	0	0	0	0	0	0	0	0	0	0	0	0	0	0	0	0	0	0	1	1	17	18	22	22	10	22	1	2	0	0	0	0	0	1	0	0	0	0	1	1	0	0	0	0	1	2	0	0	0	0	0	1	0	0	0	0	2	1	0	1	0	0	8	7	3	4	1	0	2	3	0	0	1	1	2	1	0	0	0	0	2	2	0	0	0	0	4	3	1	0	0	0	1	0	2	0	1	0	0	0	0	0	1	0	0	0	11	6	1	3	8	9	15	14	0	0	1	1	0	0	0	1	0	0	1	0	0	2	5	5	2	0	3	3	0	0	2	2	0	0
S83I:Escherichia coli gyrA conferring resistance to fluoroquinolones	0	0	0	0	0	0	0	0	0	0	0	0	0	0	0	0	0	0	0	0	0	0	0	0	0	0	0	0	0	0	0	0	0	0	0	0	0	0	0	0	0	0	2	1	0	0	0	0	0	0	0	0	0	0	0	0	0	0	0	0	0	0	0	0	0	0	0	0	0	0	0	0	0	0	0	0	0	0	0	0	0	0	0	0	0	0	0	0	0	0	0	0	0	0	0	0	0	0	0	0	0	0	0	0	0	0	0	0	0	0	0	0	0	0	0	0	0	0	0	0	0	0	1	1	17	18	22	22	10	22	1	2	0	0	0	0	0	1	0	0	0	0	1	1	0	0	0	0	1	2	0	0	0	0	0	1	0	0	0	0	2	1	0	1	0	0	8	7	3	4	1	0	2	3	0	0	1	1	2	1	0	0	0	0	2	2	0	0	0	0	4	3	1	0	0	0	1	0	2	0	1	0	0	0	0	0	1	0	0	0	11	6	1	3	8	9	15	14	0	0	1	1	0	0	0	1	0	0	1	0	0	2	5	5	2	0	3	3	0	0	2	2	0	0
A67T:Staphylococcus aureus fusA with mutation conferring resistance to fusidic acid	0	0	1	0	0	0	1	1	0	0	1	1	0	0	2	1	0	0	0	0	0	0	0	0	0	0	0	0	0	0	0	0	0	0	0	0	0	0	1	1	0	0	1	1	0	0	0	0	0	0	0	0	0	0	0	0	0	0	0	0	0	0	0	0	0	0	0	0	0	0	0	0	0	0	0	0	0	0	1	1	0	0	0	0	1	1	0	0	0	0	0	0	1	1	2	0	0	0	0	0	0	0	0	0	0	0	0	0	1	1	0	0	2	2	0	0	0	0	0	0	1	1	0	0	0	0	0	0	0	0	0	0	0	0	0	0	0	0	0	0	0	0	0	0	0	0	0	0	0	0	0	0	0	0	0	0	0	0	0	0	0	0	0	0	0	0	0	0	0	0	0	0	0	0	0	0	0	0	0	0	0	0	0	0	0	1	0	0	0	0	0	0	0	0	0	0	1	1	0	0	1	1	0	0	0	0	0	0	0	0	1	1	1	1	1	1	0	1	1	1	0	0	0	0	0	0	0	0	0	0	0	0	0	0	0	0	0	0	0	0	0	0	0	0
V90A:Staphylococcus aureus fusA with mutation conferring resistance to fusidic acid	0	0	1	0	0	0	0	0	0	0	0	0	0	0	1	0	0	0	0	0	0	0	0	0	0	0	0	0	0	0	0	0	0	0	0	0	0	0	1	1	0	0	0	0	0	0	0	0	0	0	0	0	0	0	0	0	0	0	0	0	0	0	0	0	0	0	0	0	0	0	0	0	0	0	0	0	0	0	0	0	0	0	0	0	0	0	0	0	0	0	0	0	0	0	0	0	0	0	0	0	0	0	0	0	0	0	0	0	0	0	0	0	1	1	0	0	0	0	0	0	0	0	0	0	0	0	0	0	0	0	0	0	0	0	0	0	0	0	0	0	0	0	0	0	0	0	0	0	0	0	0	0	0	0	0	0	0	0	0	0	0	0	0	0	0	0	0	0	0	0	0	0	0	0	0	0	0	0	0	0	0	0	0	0	0	1	0	0	0	0	0	0	0	0	0	0	1	1	0	0	1	1	0	0	0	0	0	0	0	0	1	1	1	1	1	1	0	1	1	1	0	0	0	0	0	0	0	0	0	0	0	0	0	0	0	0	0	0	0	0	0	0	0	0
V90I:Staphylococcus aureus fusA with mutation conferring resistance to fusidic acid	0	0	0	0	0	0	1	1	0	0	1	1	0	0	1	1	0	0	0	0	0	0	0	0	0	0	0	0	0	0	0	0	0	0	0	0	0	0	0	0	0	0	1	1	0	0	0	0	0	0	0	0	0	0	0	0	0	0	0	0	0	0	0	0	0	0	0	0	0	0	0	0	0	0	0	0	0	0	1	1	0	0	0	0	1	1	0	0	0	0	0	0	1	1	2	0	0	0	0	0	0	0	0	0	0	0	0	0	1	1	0	0	1	1	0	0	0	0	0	0	1	1	0	0	0	0	0	0	0	0	0	0	0	0	0	0	0	0	0	0	0	0	0	0	0	0	0	0	0	0	0	0	0	0	0	0	0	0	0	0	0	0	0	0	0	0	0	0	0	0	0	0	0	0	0	0	0	0	0	0	0	0	0	0	0	1	0	0	0	0	0	0	0	0	0	0	1	1	0	0	1	1	0	0	0	0	0	0	0	0	1	1	1	1	1	1	0	1	1	1	0	0	0	0	0	0	0	0	0	0	0	0	0	0	0	0	0	0	0	0	0	0	0	0
A91T:Mycobacterium leprae gyrA conferring resistance to fluoroquinolones	0	0	0	0	0	0	0	0	0	0	0	0	0	1	0	0	0	0	0	0	0	0	0	0	0	0	0	0	0	0	0	0	0	0	0	0	0	0	0	0	0	0	0	0	0	0	0	0	0	0	0	0	0	0	0	0	0	0	0	0	0	0	0	0	0	0	0	0	0	0	0	0	0	0	0	0	0	0	0	0	0	0	0	0	0	0	0	0	0	0	0	0	0	0	0	0	0	0	0	0	0	0	0	0	0	0	0	0	0	0	0	0	0	0	0	0	0	1	0	0	0	0	0	0	0	0	0	0	0	0	0	0	0	0	0	0	0	0	0	0	0	0	0	0	0	0	0	0	0	0	0	0	0	0	0	0	0	0	0	0	0	0	0	0	0	0	0	0	0	0	0	0	0	0	0	0	0	0	0	0	0	0	0	0	0	0	0	0	0	0	0	0	0	0	0	0	0	0	0	0	0	0	0	0	0	0	0	0	0	0	0	0	0	0	0	0	0	0	0	0	0	0	0	0	0	0	0	0	0	0	0	0	0	0	0	0	0	0	0	0	0	0	0	0
D244Y:Clostridioides difficile rpoC with mutation conferring resistance to vancomycin	0	0	0	3	2	0	1	1	0	0	1	2	2	2	1	0	2	2	0	1	1	1	3	7	0	0	0	0	0	1	3	0	1	1	0	3	5	6	1	3	1	2	6	12	1	2	0	0	0	0	2	2	1	0	0	0	0	0	4	2	0	1	0	0	0	0	0	3	0	0	0	0	0	0	0	0	1	3	0	0	0	0	0	0	0	0	0	0	2	3	0	1	2	1	0	0	0	0	0	1	0	0	0	1	0	0	0	0	0	0	6	6	2	2	0	0	1	3	4	1	1	2	0	0	0	0	0	0	0	0	0	0	0	0	0	0	0	0	0	0	0	0	0	0	0	0	0	0	0	0	0	0	0	0	0	0	0	0	0	0	0	0	0	0	0	0	0	0	0	0	0	0	0	0	0	0	0	0	0	0	0	0	0	0	0	0	0	0	0	0	0	0	0	0	0	0	0	0	0	0	0	0	0	0	0	0	0	0	0	0	0	0	0	0	0	0	0	0	0	0	0	0	0	0	0	0	0	0	0	0	0	0	0	0	0	0	0	0	0	0	0	0	0	0
D34N:Helicobacter pylori gyrA conferring resistance to fluoroquinolones	0	0	0	0	0	0	0	0	0	0	0	0	0	0	0	0	1	1	0	0	1	1	0	0	0	0	0	0	1	1	0	1	0	0	0	0	0	0	0	1	0	0	0	0	0	0	0	0	0	0	0	0	0	0	0	0	0	0	0	0	0	0	0	0	0	0	0	0	0	0	0	0	0	0	0	0	0	0	0	0	0	0	0	0	0	0	0	0	0	0	0	0	0	0	0	0	0	0	0	0	0	0	0	0	0	0	0	0	0	0	0	0	0	0	0	0	0	0	0	0	2	2	0	0	0	0	0	0	0	0	0	0	0	0	0	0	0	0	0	0	1	1	0	0	0	0	0	0	0	0	0	0	0	0	1	1	0	0	0	0	0	0	0	0	0	0	0	0	0	0	0	0	0	0	0	0	0	0	0	0	0	0	0	0	0	0	0	0	0	0	0	0	0	0	0	0	0	0	0	0	0	0	0	0	0	0	0	0	0	0	0	0	0	0	0	0	0	0	0	0	0	0	0	0	0	0	0	0	0	0	0	0	0	0	0	1	0	0	0	0	0	0	0	0
D435E:Mycobacterium tuberculosis rpoB with mutations conferring resistance to rifampicin	0	0	0	0	0	0	0	0	0	0	0	0	0	0	0	0	0	0	0	0	0	0	0	0	0	0	0	0	0	0	0	0	0	0	0	0	0	0	0	0	0	0	0	0	0	0	0	0	0	0	0	0	0	0	0	0	0	0	0	0	0	0	0	0	0	0	0	0	0	0	0	0	0	0	0	0	0	0	0	0	0	0	0	0	0	0	0	0	0	0	0	0	0	1	0	0	0	0	0	0	0	0	0	0	0	0	0	0	0	0	0	0	0	0	0	0	0	0	0	0	0	0	1	0	12	17	13	15	27	30	0	0	13	10	6	8	11	16	5	3	12	7	4	2	2	2	3	5	2	3	4	2	5	5	11	9	3	5	2	0	3	6	3	5	1	1	13	9	14	18	2	1	7	4	0	2	2	5	2	4	7	9	8	8	8	11	7	4	0	2	1	0	3	4	12	12	4	5	4	9	5	4	5	5	4	3	3	2	2	1	69	72	2	2	84	83	4	5	2	4	0	0	2	1	4	4	1	2	1	0	1	1	10	7	5	1	3	3	10	5	5	6	3	5
D435Y:Mycobacterium tuberculosis rpoB with mutations conferring resistance to rifampicin	0	0	0	0	0	0	1	0	0	0	0	0	0	0	0	0	0	0	0	0	0	0	0	0	0	0	0	0	0	0	0	0	0	0	0	0	0	0	0	0	0	0	0	0	0	0	0	0	0	0	0	0	0	0	0	0	0	0	0	0	0	0	0	0	0	0	0	0	0	0	0	0	0	0	0	0	0	0	0	0	0	0	0	0	0	0	0	0	0	0	0	0	0	0	0	0	0	0	0	0	0	0	0	0	0	0	0	0	0	0	0	0	0	0	0	0	0	0	0	0	0	0	1	0	12	17	13	15	27	30	0	0	13	10	6	8	11	16	5	3	12	7	4	2	2	2	3	5	2	3	4	2	5	5	11	9	3	5	2	0	3	6	3	5	1	1	13	9	14	18	2	1	7	4	0	2	2	5	2	4	7	9	8	8	8	11	7	4	0	2	1	0	3	4	12	12	4	5	4	9	5	4	5	5	4	3	3	2	2	1	69	72	2	2	84	83	4	5	2	4	0	0	2	1	4	4	1	2	1	0	1	1	10	7	5	1	3	3	10	5	5	6	3	5
D485Y:Mycobacterium tuberculosis rpoC mutations confer resistance to rifampicin	0	0	0	0	0	0	0	0	0	0	0	0	0	0	0	0	0	0	0	0	0	0	0	0	0	0	0	0	0	0	0	0	0	0	0	0	0	0	0	0	0	0	0	0	0	0	0	0	0	0	0	0	0	0	0	0	0	0	0	0	0	0	0	0	0	0	0	0	0	0	0	0	0	0	0	0	0	0	0	0	0	0	0	0	0	0	0	0	0	1	0	0	0	0	0	0	0	0	0	0	0	0	0	0	0	0	0	0	0	0	0	0	0	0	0	0	0	0	0	0	0	0	50	51	135	135	133	140	239	235	38	52	48	59	58	56	72	61	33	35	72	80	33	35	23	20	48	41	47	42	49	29	34	34	75	80	79	74	28	27	88	99	55	52	55	57	68	53	74	80	33	42	48	33	41	33	43	49	43	35	58	52	53	52	30	42	24	30	32	21	48	43	49	42	30	29	21	23	41	53	36	37	34	32	35	39	33	44	21	33	267	265	76	71	348	352	68	50	50	63	27	29	22	17	50	52	15	13	21	24	45	49	72	77	64	62	60	46	52	49	80	70	52	48
L507V:Mycobacterium tuberculosis rpoC mutations confer resistance to rifampicin	0	0	0	0	0	0	0	0	0	0	0	0	0	0	0	0	0	0	0	0	0	0	0	0	0	0	0	0	0	0	0	0	0	0	0	0	0	0	0	0	0	0	0	0	0	0	0	0	0	0	0	0	0	0	0	0	0	0	0	0	0	0	0	0	0	0	0	0	0	0	0	0	0	0	0	0	0	0	0	0	0	0	0	0	0	0	0	0	0	1	0	0	0	0	0	0	0	0	0	0	0	0	0	0	0	0	0	0	0	0	0	0	0	0	0	0	0	0	0	0	0	0	50	51	135	135	133	140	239	235	38	52	48	59	58	56	72	61	33	35	72	80	33	35	23	20	48	41	47	42	49	29	34	34	75	80	79	74	28	27	88	99	55	52	55	57	68	53	74	80	33	42	48	33	41	33	43	49	43	35	58	52	53	52	30	42	24	30	32	21	48	43	49	42	30	29	21	23	41	53	36	37	34	32	35	39	33	44	21	33	267	265	76	71	348	352	68	50	50	63	27	29	22	17	50	52	15	13	21	24	45	49	72	77	64	62	60	46	52	49	80	70	52	48
D492V:Clostridioides difficile rpoB with mutation conferring resistance to rifampicin	0	0	0	0	0	0	0	0	0	0	0	0	0	0	0	0	0	0	0	0	0	0	0	0	0	0	0	0	0	0	0	0	0	0	0	0	0	0	0	0	0	0	0	0	0	0	0	0	0	0	0	0	0	0	0	0	0	0	0	0	0	0	0	0	0	0	0	0	0	0	0	0	0	0	0	0	0	0	0	0	0	0	0	0	0	0	0	1	0	0	0	0	0	0	0	0	0	0	0	0	0	0	0	0	0	0	0	0	0	0	0	0	0	0	0	0	0	0	0	0	0	0	28	27	11	8	3	3	13	9	17	12	22	22	15	17	23	13	1	4	21	27	7	9	9	12	7	13	20	13	7	11	10	6	13	24	22	16	5	8	14	16	12	14	6	6	4	3	8	7	8	7	10	3	16	20	17	17	23	32	18	15	9	10	3	8	5	10	17	27	10	5	16	12	9	5	10	8	27	22	12	11	26	27	5	7	13	9	26	32	28	25	16	22	27	28	22	30	19	16	4	2	2	2	22	14	3	3	2	3	8	4	25	23	19	14	20	19	17	18	26	15	20	14
D87H:Burkholderia dolosa gyrA conferring resistance to fluoroquinolones	0	0	0	0	0	0	0	0	0	0	0	0	0	0	0	0	0	0	0	0	0	0	0	0	0	0	0	0	0	0	0	0	0	0	0	0	0	0	0	0	0	0	0	0	0	0	0	0	0	0	0	0	0	0	0	0	0	0	0	0	0	0	0	0	0	0	0	0	0	0	0	0	0	0	0	0	0	0	0	0	0	0	0	0	0	0	0	0	0	0	0	0	0	0	0	0	0	1	0	0	0	0	0	0	0	0	0	0	0	0	0	0	0	0	0	0	0	0	0	0	0	0	4	5	20	24	25	26	16	19	8	10	5	10	7	5	15	15	2	1	1	1	3	5	0	0	11	7	4	5	7	1	3	3	4	4	6	5	1	3	18	14	12	8	7	2	5	7	4	4	2	3	5	1	1	0	4	2	2	2	1	2	2	1	3	2	0	2	0	0	5	3	12	12	4	4	1	0	6	4	4	3	0	0	2	1	0	4	0	0	18	10	12	11	17	8	8	5	13	11	2	1	3	6	10	16	0	0	5	3	10	8	15	13	15	3	11	12	3	2	14	13	7	4
E350Q:Escherichia coli UhpT with mutation conferring resistance to fosfomycin	0	0	0	0	0	0	0	0	0	0	0	0	0	0	0	0	0	0	0	0	0	0	0	0	0	0	0	0	0	0	0	0	0	0	0	0	0	0	0	0	0	0	0	0	0	0	0	0	0	0	0	0	0	0	0	0	0	0	0	0	0	0	0	0	0	0	0	0	0	0	0	0	0	0	0	0	1	1	0	0	0	0	0	0	0	0	0	0	0	0	0	0	0	0	0	0	0	0	0	0	0	0	0	0	0	0	0	0	0	0	0	0	0	0	0	0	0	0	0	0	0	0	0	0	0	0	0	0	0	0	0	0	0	0	0	0	0	0	0	0	0	0	0	0	0	0	0	0	0	0	0	0	0	0	0	0	0	0	0	0	0	0	0	0	0	0	0	0	0	0	0	0	0	0	0	0	0	0	0	0	0	0	0	0	0	0	0	0	0	0	0	0	0	0	0	0	0	0	0	0	0	0	0	0	0	0	0	0	0	0	0	0	0	0	0	0	0	0	0	0	0	0	0	0	0	0	0	0	0	0	0	0	0	0	0	0	0	0	0	0	0	0	0	0
F170S:Mycolicibacterium smegmatis ndh with mutation conferring resistance to isoniazid	0	0	0	0	0	0	0	0	0	0	0	0	0	0	0	0	0	0	1	0	0	0	0	0	0	0	0	0	0	0	0	0	0	0	0	0	0	0	0	0	0	0	0	0	0	0	0	0	0	0	0	0	0	0	0	0	0	0	0	0	0	0	0	0	0	0	0	0	0	0	0	0	0	0	0	0	0	0	0	0	0	0	0	0	0	0	0	0	0	0	0	0	0	0	0	0	0	0	0	0	0	0	0	0	0	0	0	0	0	0	0	0	0	0	0	0	0	0	0	0	0	0	0	0	0	0	1	0	0	0	0	0	0	0	0	0	0	1	1	0	0	0	0	0	0	0	0	0	0	0	0	0	0	0	0	0	0	0	0	0	0	0	0	0	0	0	0	0	0	0	0	0	0	0	0	0	0	0	0	0	0	0	0	0	0	0	0	0	0	0	0	0	0	0	0	0	0	0	0	0	0	0	0	0	0	0	0	0	0	0	0	0	0	0	0	0	0	0	0	0	0	0	0	0	0	0	0	0	0	0	0	0	0	0	0	0	0	0	0	0	0	0	0	0
G124S:Mycobacterium tuberculosis katG mutations conferring resistance to isoniazid	0	0	0	0	0	0	0	0	0	0	0	0	0	0	0	0	0	0	0	0	0	0	0	0	0	0	0	0	0	0	0	0	0	0	0	0	0	0	0	0	0	0	0	0	0	0	0	0	0	0	0	0	0	1	0	0	0	0	0	0	0	0	0	0	0	0	0	0	0	0	0	0	0	0	0	0	0	0	0	0	0	0	1	1	0	0	0	0	0	0	0	0	0	0	0	0	0	0	0	0	0	0	0	0	0	0	0	0	0	0	0	0	0	0	0	0	0	0	0	0	0	0	1	1	0	0	0	1	1	1	3	3	2	0	3	3	2	2	0	0	3	3	0	1	1	1	0	1	3	3	0	0	2	0	1	0	0	0	0	1	1	1	0	0	0	0	1	1	0	0	0	2	0	0	1	1	0	0	3	2	3	3	0	0	9	8	3	3	0	0	0	0	1	1	2	3	2	2	4	2	1	4	0	0	3	3	1	3	2	1	2	2	7	7	0	0	1	0	0	1	2	2	0	0	1	1	0	2	0	0	1	1	0	1	5	4	5	2	2	2	1	0	1	2
M126I:Mycobacterium tuberculosis katG mutations conferring resistance to isoniazid	0	0	0	0	0	0	0	0	0	0	0	0	0	0	0	0	0	0	0	0	0	0	0	0	0	0	0	0	0	0	0	0	0	0	0	0	0	0	0	0	0	0	0	0	0	0	0	0	0	0	0	0	0	1	0	0	0	0	0	0	0	0	0	0	0	0	0	0	0	0	0	0	0	0	0	0	0	0	0	0	0	0	0	0	0	0	0	0	0	0	0	0	0	0	0	0	0	0	0	0	0	0	0	0	0	0	0	0	0	0	0	0	0	0	0	0	0	0	0	0	0	0	1	1	0	0	0	1	1	1	3	3	2	0	3	3	2	2	0	0	3	3	0	1	1	1	0	1	3	3	0	0	2	0	1	0	0	0	0	1	1	1	0	0	0	0	1	1	0	0	0	2	0	0	1	1	0	0	3	2	3	3	0	0	9	8	3	3	0	0	0	0	1	1	2	3	2	2	4	2	1	4	0	0	3	3	1	3	2	1	2	2	7	7	0	0	1	0	0	1	2	2	0	0	1	1	0	2	0	0	1	1	0	1	5	4	5	2	2	2	1	0	1	2
G124S:Bartonella bacilliformis gyrB conferring resistance to aminocoumarin	1	1	2	2	1	0	1	2	0	1	2	2	5	0	4	4	0	1	6	5	1	0	0	0	2	2	1	2	0	0	0	0	1	1	0	3	0	0	1	2	1	0	0	0	0	0	1	0	1	0	0	0	1	1	2	2	2	0	2	2	4	0	2	1	5	1	1	2	4	4	3	1	2	1	0	0	2	1	1	1	0	0	1	1	0	0	0	0	0	0	2	3	3	3	1	2	0	1	0	0	0	0	0	0	1	1	0	0	0	0	0	0	2	0	0	0	1	1	1	1	1	0	0	0	0	0	0	0	0	0	0	0	0	0	0	0	0	0	0	0	0	0	0	0	0	0	0	0	0	0	0	0	0	0	0	0	0	0	0	0	0	0	0	0	0	0	0	0	0	0	0	0	0	0	0	0	0	0	0	0	0	0	0	0	0	0	0	0	0	0	0	0	0	0	0	0	0	0	0	0	0	0	0	0	0	0	0	0	0	0	0	0	0	0	0	0	0	0	0	0	0	0	0	0	0	0	0	0	0	0	0	0	0	0	0	0	0	0	0	0	0	0	0	0
G442E:Mycobacterium tuberculosis rpoB with mutations conferring resistance to rifampicin	0	0	1	0	0	0	0	0	0	0	0	0	1	0	0	0	0	0	0	0	0	0	0	0	0	0	0	0	0	0	0	0	0	0	0	0	0	0	0	0	0	0	0	0	0	0	0	0	0	0	0	0	0	0	0	0	0	0	0	0	0	0	0	0	0	0	0	0	0	0	0	0	0	0	0	0	0	0	0	0	0	0	0	0	0	0	0	0	0	0	0	0	0	0	0	0	0	0	0	0	0	0	0	0	0	0	0	0	0	0	0	0	0	0	0	0	1	1	0	0	0	0	1	0	12	17	13	15	27	30	0	0	13	10	6	8	11	16	5	3	12	7	4	2	2	2	3	5	2	3	4	2	5	5	11	9	3	5	2	0	3	6	3	5	1	1	13	9	14	18	2	1	7	4	0	2	2	5	2	4	7	9	8	8	8	11	7	4	0	2	1	0	3	4	12	12	4	5	4	9	5	4	5	5	4	3	3	2	2	1	69	72	2	2	84	83	4	5	2	4	0	0	2	1	4	4	1	2	1	0	1	1	10	7	5	1	3	3	10	5	5	6	3	5
H445P:Mycobacterium tuberculosis rpoB with mutations conferring resistance to rifampicin	0	0	0	0	0	0	0	0	0	0	0	0	0	0	0	0	0	0	0	0	0	0	0	0	0	0	0	0	0	0	0	0	0	0	0	0	0	0	0	0	0	0	0	0	0	0	0	0	0	0	0	0	0	0	0	0	0	0	0	0	0	0	0	0	0	0	0	0	0	0	0	0	0	0	0	0	0	0	0	0	0	0	0	0	0	0	0	0	0	0	0	0	0	0	0	0	0	0	0	0	0	0	0	0	1	1	0	0	0	0	0	0	0	0	0	0	0	0	0	0	0	0	1	0	12	17	13	15	27	30	0	0	13	10	6	8	11	16	5	3	12	7	4	2	2	2	3	5	2	3	4	2	5	5	11	9	3	5	2	0	3	6	3	5	1	1	13	9	14	18	2	1	7	4	0	2	2	5	2	4	7	9	8	8	8	11	7	4	0	2	1	0	3	4	12	12	4	5	4	9	5	4	5	5	4	3	3	2	2	1	69	72	2	2	84	83	4	5	2	4	0	0	2	1	4	4	1	2	1	0	1	1	10	7	5	1	3	3	10	5	5	6	3	5
H502N:Clostridioides difficile rpoB with mutation conferring resistance to rifampicin	0	0	0	0	0	0	0	0	0	0	1	1	0	0	0	0	0	0	0	0	0	0	0	0	0	0	1	0	0	0	0	0	0	0	0	0	0	0	0	0	0	0	0	0	0	0	0	0	0	0	0	0	0	0	0	0	0	0	0	0	0	0	0	0	0	0	0	0	0	0	0	0	0	0	0	0	0	0	0	0	0	0	0	0	0	0	0	0	0	0	0	0	0	0	0	0	0	0	0	0	0	0	0	0	0	0	0	0	0	0	1	0	1	2	0	1	0	0	0	0	0	0	28	27	11	8	3	3	13	9	17	12	22	22	15	17	23	13	1	4	21	27	7	9	9	12	7	13	20	13	7	11	10	6	13	24	22	16	5	8	14	16	12	14	6	6	4	3	8	7	8	7	10	3	16	20	17	17	23	32	18	15	9	10	3	8	5	10	17	27	10	5	16	12	9	5	10	8	27	22	12	11	26	27	5	7	13	9	26	32	28	25	16	22	27	28	22	30	19	16	4	2	2	2	22	14	3	3	2	3	8	4	25	23	19	14	20	19	17	18	26	15	20	14
H57Y:Helicobacter pylori gyrA conferring resistance to fluoroquinolones	0	0	0	0	0	0	0	0	0	0	1	1	0	0	0	0	0	0	0	0	0	0	1	1	0	0	0	0	0	0	2	2	0	0	0	0	0	0	0	0	0	0	0	0	0	0	0	0	0	0	0	0	0	0	0	0	0	0	0	0	0	0	0	0	0	0	0	0	0	0	0	0	0	0	0	0	0	0	0	0	0	0	0	0	0	0	0	0	0	0	0	0	0	0	0	0	0	0	0	0	0	0	0	0	0	0	0	0	0	0	0	0	0	0	0	0	0	0	0	0	0	0	0	0	0	0	0	0	0	0	0	0	0	0	0	0	0	0	0	0	1	1	0	0	0	0	0	0	0	0	0	0	0	0	1	1	0	0	0	0	0	0	0	0	0	0	0	0	0	0	0	0	0	0	0	0	0	0	0	0	0	0	0	0	0	0	0	0	0	0	0	0	0	0	0	0	0	0	0	0	0	0	0	0	0	0	0	0	0	0	0	0	0	0	0	0	0	0	0	0	0	0	0	0	0	0	0	0	0	0	0	0	0	0	0	1	0	0	0	0	0	0	0	0
S63P:Helicobacter pylori gyrA conferring resistance to fluoroquinolones	0	0	0	0	0	0	0	0	0	0	1	1	0	0	0	0	0	0	0	0	0	0	1	1	0	0	0	0	0	0	2	2	0	0	0	0	0	0	0	0	0	0	0	0	0	0	0	0	0	0	0	0	0	0	0	0	0	0	0	0	0	0	0	0	0	0	0	0	0	0	0	0	0	0	0	0	0	0	0	0	0	0	0	0	0	0	0	0	0	0	0	0	0	0	0	0	0	0	0	0	0	0	0	0	0	0	0	0	0	0	0	0	0	0	0	0	0	0	0	0	0	0	0	0	0	0	0	0	0	0	0	0	0	0	0	0	0	0	0	0	1	1	0	0	0	0	0	0	0	0	0	0	0	0	1	1	0	0	0	0	0	0	0	0	0	0	0	0	0	0	0	0	0	0	0	0	0	0	0	0	0	0	0	0	0	0	0	0	0	0	0	0	0	0	0	0	0	0	0	0	0	0	0	0	0	0	0	0	0	0	0	0	0	0	0	0	0	0	0	0	0	0	0	0	0	0	0	0	0	0	0	0	0	0	0	1	0	0	0	0	0	0	0	0
V77A:Helicobacter pylori gyrA conferring resistance to fluoroquinolones	0	0	0	0	0	0	0	0	0	0	1	1	0	0	0	0	0	0	0	0	0	0	1	1	0	0	0	0	0	0	2	2	0	0	0	0	0	0	0	0	0	0	0	0	0	0	0	0	0	0	0	0	0	0	0	0	0	0	0	0	0	0	0	0	0	0	0	0	0	0	0	0	0	0	0	0	0	0	0	0	0	0	0	0	0	0	0	0	0	0	0	0	0	0	0	0	0	0	0	0	0	0	0	0	0	0	0	0	0	0	0	0	0	0	0	0	0	0	0	0	0	0	0	0	0	0	0	0	0	0	0	0	0	0	0	0	0	0	0	0	1	1	0	0	0	0	0	0	0	0	0	0	0	0	1	1	0	0	0	0	0	0	0	0	0	0	0	0	0	0	0	0	0	0	0	0	0	0	0	0	0	0	0	0	0	0	0	0	0	0	0	0	0	0	0	0	0	0	0	0	0	0	0	0	0	0	0	0	0	0	0	0	0	0	0	0	0	0	0	0	0	0	0	0	0	0	0	0	0	0	0	0	0	0	0	1	0	0	0	0	0	0	0	0
I480V:Mycobacterium tuberculosis rpoB with mutations conferring resistance to rifampicin	0	0	0	0	0	0	0	0	0	0	0	0	0	0	0	0	0	0	0	0	0	0	0	0	0	0	0	0	0	0	0	0	0	0	0	0	0	0	0	0	0	0	0	0	0	0	0	0	0	0	0	0	0	0	0	0	0	0	0	0	0	0	0	0	0	0	0	0	0	0	0	0	0	0	0	0	0	0	0	0	0	0	0	0	0	0	0	0	0	0	0	0	0	0	1	1	0	0	0	0	0	0	0	0	0	0	0	0	0	0	0	0	0	0	0	0	0	0	0	0	0	0	1	0	12	17	13	15	27	30	0	0	13	10	6	8	11	16	5	3	12	7	4	2	2	2	3	5	2	3	4	2	5	5	11	9	3	5	2	0	3	6	3	5	1	1	13	9	14	18	2	1	7	4	0	2	2	5	2	4	7	9	8	8	8	11	7	4	0	2	1	0	3	4	12	12	4	5	4	9	5	4	5	5	4	3	3	2	2	1	69	72	2	2	84	83	4	5	2	4	0	0	2	1	4	4	1	2	1	0	1	1	10	7	5	1	3	3	10	5	5	6	3	5
I491V:Mycobacterium tuberculosis rpoC mutations confer resistance to rifampicin	0	0	0	0	0	0	0	0	0	0	0	0	0	0	0	0	0	0	0	0	0	0	0	0	0	0	0	0	0	0	0	0	0	0	0	0	0	0	0	0	0	0	0	0	0	0	0	0	0	0	0	0	0	0	0	0	0	0	0	0	0	0	0	0	0	0	0	0	0	0	0	0	0	0	0	0	0	0	0	0	0	0	0	0	0	0	0	1	0	0	0	0	0	0	0	0	0	0	0	0	0	0	0	0	0	0	0	0	0	0	0	0	0	0	0	0	0	0	0	0	0	0	50	51	135	135	133	140	239	235	38	52	48	59	58	56	72	61	33	35	72	80	33	35	23	20	48	41	47	42	49	29	34	34	75	80	79	74	28	27	88	99	55	52	55	57	68	53	74	80	33	42	48	33	41	33	43	49	43	35	58	52	53	52	30	42	24	30	32	21	48	43	49	42	30	29	21	23	41	53	36	37	34	32	35	39	33	44	21	33	267	265	76	71	348	352	68	50	50	63	27	29	22	17	50	52	15	13	21	24	45	49	72	77	64	62	60	46	52	49	80	70	52	48
L516P:Mycobacterium tuberculosis rpoC mutations confer resistance to rifampicin	0	0	0	0	0	0	0	0	0	0	0	0	0	0	0	0	0	0	0	0	0	0	0	0	0	0	0	0	0	0	0	0	0	0	0	0	0	0	0	0	0	0	0	0	0	0	0	0	0	0	0	0	0	0	0	0	0	0	0	0	0	0	0	0	0	0	0	0	0	0	0	0	0	0	0	0	0	0	0	0	0	0	0	0	0	0	0	1	0	0	0	0	0	0	0	0	0	0	0	0	0	0	0	0	0	0	0	0	0	0	0	0	0	0	0	0	0	0	0	0	0	0	50	51	135	135	133	140	239	235	38	52	48	59	58	56	72	61	33	35	72	80	33	35	23	20	48	41	47	42	49	29	34	34	75	80	79	74	28	27	88	99	55	52	55	57	68	53	74	80	33	42	48	33	41	33	43	49	43	35	58	52	53	52	30	42	24	30	32	21	48	43	49	42	30	29	21	23	41	53	36	37	34	32	35	39	33	44	21	33	267	265	76	71	348	352	68	50	50	63	27	29	22	17	50	52	15	13	21	24	45	49	72	77	64	62	60	46	52	49	80	70	52	48
Q523E:Mycobacterium tuberculosis rpoC mutations confer resistance to rifampicin	0	0	0	0	0	0	0	0	0	0	0	0	0	0	0	0	0	0	0	0	0	0	0	0	0	0	0	0	0	0	0	0	0	0	0	0	0	0	0	0	0	0	0	0	0	0	0	0	0	0	0	0	0	0	0	0	0	0	0	0	0	0	0	0	0	0	0	0	0	0	0	0	0	0	0	0	0	0	0	0	0	0	0	0	0	0	0	1	0	0	0	0	0	0	0	0	0	0	0	0	0	0	0	0	0	0	0	0	0	0	0	0	0	0	0	0	0	0	0	0	0	0	50	51	135	135	133	140	239	235	38	52	48	59	58	56	72	61	33	35	72	80	33	35	23	20	48	41	47	42	49	29	34	34	75	80	79	74	28	27	88	99	55	52	55	57	68	53	74	80	33	42	48	33	41	33	43	49	43	35	58	52	53	52	30	42	24	30	32	21	48	43	49	42	30	29	21	23	41	53	36	37	34	32	35	39	33	44	21	33	267	265	76	71	348	352	68	50	50	63	27	29	22	17	50	52	15	13	21	24	45	49	72	77	64	62	60	46	52	49	80	70	52	48
L527V:Mycobacterium tuberculosis rpoC mutations confer resistance to rifampicin	0	0	0	0	0	0	0	0	0	0	0	0	0	0	0	0	0	0	0	0	0	0	0	0	0	0	0	0	0	0	0	0	0	0	0	0	0	0	0	0	0	0	0	0	0	0	0	0	0	0	0	0	0	0	0	0	0	0	0	0	0	0	0	0	0	0	0	0	0	0	0	0	0	0	0	0	0	0	0	0	0	0	0	0	0	0	0	1	0	0	0	0	0	0	0	0	0	0	0	0	0	0	0	0	0	0	0	0	0	0	0	0	0	0	0	0	0	0	0	0	0	0	50	51	135	135	133	140	239	235	38	52	48	59	58	56	72	61	33	35	72	80	33	35	23	20	48	41	47	42	49	29	34	34	75	80	79	74	28	27	88	99	55	52	55	57	68	53	74	80	33	42	48	33	41	33	43	49	43	35	58	52	53	52	30	42	24	30	32	21	48	43	49	42	30	29	21	23	41	53	36	37	34	32	35	39	33	44	21	33	267	265	76	71	348	352	68	50	50	63	27	29	22	17	50	52	15	13	21	24	45	49	72	77	64	62	60	46	52	49	80	70	52	48
K446R:Mycobacterium tuberculosis rpoB with mutations conferring resistance to rifampicin	0	0	0	0	0	0	2	0	0	0	2	0	0	4	0	3	0	0	6	1	1	1	2	1	0	0	0	3	0	0	3	0	1	0	4	4	1	0	2	2	2	0	1	2	0	1	0	0	0	0	3	3	2	1	1	0	0	0	0	1	0	0	0	0	0	0	1	1	0	0	1	0	2	1	0	0	0	0	0	0	1	1	1	1	0	0	1	0	0	0	0	0	2	0	0	1	1	0	0	2	0	0	1	1	0	0	0	0	0	0	1	1	0	0	1	0	0	0	3	2	2	1	1	0	12	17	13	15	27	30	0	0	13	10	6	8	11	16	5	3	12	7	4	2	2	2	3	5	2	3	4	2	5	5	11	9	3	5	2	0	3	6	3	5	1	1	13	9	14	18	2	1	7	4	0	2	2	5	2	4	7	9	8	8	8	11	7	4	0	2	1	0	3	4	12	12	4	5	4	9	5	4	5	5	4	3	3	2	2	1	69	72	2	2	84	83	4	5	2	4	0	0	2	1	4	4	1	2	1	0	1	1	10	7	5	1	3	3	10	5	5	6	3	5
K88R:Mycobacterium tuberculosis rpsL mutations conferring resistance to Streptomycin	0	0	1	1	0	0	0	0	0	0	1	0	0	0	0	0	0	0	0	0	0	0	0	0	0	0	1	0	0	0	0	0	1	0	1	1	0	0	0	0	0	0	0	0	0	0	0	0	0	0	0	0	0	0	0	0	0	0	1	0	1	0	0	0	0	0	0	0	0	0	1	1	0	0	0	1	0	0	0	0	0	0	0	0	0	0	0	0	0	0	1	1	0	0	0	0	0	0	0	0	0	0	0	0	0	0	0	0	0	0	0	0	0	1	0	0	2	0	0	0	0	0	7	7	24	23	10	5	54	42	1	0	3	2	3	5	1	2	2	2	10	8	0	0	3	3	3	1	1	1	1	0	3	2	0	2	2	1	0	1	5	8	0	1	1	1	15	13	27	27	4	5	5	5	0	0	2	0	3	5	6	5	6	2	0	2	0	2	1	0	6	4	3	3	4	2	3	2	6	4	1	1	5	3	6	4	2	1	0	1	74	64	11	12	104	102	2	0	5	6	1	3	1	1	1	1	2	2	1	1	1	3	3	5	3	2	4	2	3	3	2	2	2	1
L297F:Escherichia coli GlpT with mutation conferring resistance to fosfomycin	0	0	0	0	0	0	0	0	0	0	0	0	0	0	0	0	0	0	0	0	0	0	0	0	0	0	0	0	0	0	0	0	0	0	0	0	0	0	0	0	0	0	0	0	0	0	0	0	0	0	0	0	0	0	0	0	0	0	0	0	0	0	0	0	0	0	0	0	0	0	0	0	0	0	0	0	0	0	0	0	0	0	0	0	0	0	0	0	0	0	0	0	0	0	0	1	0	0	0	0	0	0	0	0	0	0	0	0	0	0	0	0	0	0	0	0	0	0	0	0	0	0	0	0	0	0	0	0	0	0	0	0	0	0	0	0	0	0	0	0	0	0	0	0	0	0	0	0	0	0	0	0	0	0	0	0	0	0	0	0	0	0	0	0	0	0	0	0	0	0	0	0	0	0	0	0	0	0	0	0	0	0	0	0	0	0	0	0	0	0	0	0	0	0	0	0	0	0	2	1	0	0	0	0	0	0	0	0	0	0	0	0	0	0	0	0	1	0	0	0	0	0	0	0	0	0	0	0	0	0	0	0	0	0	0	0	0	0	0	0	0	0	0	0
L525P:Helicobacter pylori rpoB mutation conferring resistance to rifampicin	0	0	0	0	0	0	0	0	0	0	0	0	0	0	0	0	0	0	0	0	0	0	0	0	0	0	0	0	0	0	0	0	0	0	0	0	0	0	0	0	0	0	0	0	0	0	0	0	0	0	0	0	0	0	0	0	0	0	0	0	0	0	0	0	0	0	0	0	0	0	0	0	0	0	0	0	0	0	0	0	0	0	0	0	0	0	0	0	0	0	0	0	0	0	0	0	0	0	0	0	0	0	0	0	0	0	0	0	0	0	0	0	0	0	0	0	1	1	0	0	0	0	0	0	2	2	0	0	0	0	2	2	0	0	3	2	2	1	0	0	2	2	0	1	1	1	0	0	1	1	3	3	1	1	0	0	0	0	0	0	0	0	0	1	1	1	0	0	0	0	0	0	0	0	0	0	0	0	0	0	1	1	0	0	3	3	2	2	0	0	1	1	0	0	0	0	0	0	0	0	3	3	0	0	0	0	0	0	0	0	0	1	0	0	0	0	0	0	0	0	0	0	0	0	0	0	0	0	0	0	0	0	1	1	0	0	0	0	1	0	0	1	0	0
Q527K:Helicobacter pylori rpoB mutation conferring resistance to rifampicin	0	0	0	0	0	0	0	0	0	0	0	0	0	0	0	0	0	0	0	0	0	0	0	0	0	0	0	0	0	0	0	0	0	0	0	0	0	0	0	0	0	0	0	0	0	0	0	0	0	0	0	0	0	0	0	0	0	0	0	0	0	0	0	0	0	0	0	0	0	0	0	0	0	0	0	0	0	0	0	0	0	0	0	0	0	0	0	0	0	0	0	0	0	0	0	0	0	0	0	0	0	0	0	0	0	0	0	0	0	0	0	0	0	0	0	0	1	1	0	0	0	0	0	0	2	2	0	0	0	0	2	2	0	0	3	2	2	1	0	0	2	2	0	1	1	1	0	0	1	1	3	3	1	1	0	0	0	0	0	0	0	0	0	1	1	1	0	0	0	0	0	0	0	0	0	0	0	0	0	0	1	1	0	0	3	3	2	2	0	0	1	1	0	0	0	0	0	0	0	0	3	3	0	0	0	0	0	0	0	0	0	1	0	0	0	0	0	0	0	0	0	0	0	0	0	0	0	0	0	0	0	0	1	1	0	0	0	0	1	0	0	1	0	0
D530N:Helicobacter pylori rpoB mutation conferring resistance to rifampicin	0	0	0	0	0	0	0	0	0	0	0	0	0	0	0	0	0	0	0	0	0	0	0	0	0	0	0	0	0	0	0	0	0	0	0	0	0	0	0	0	0	0	0	0	0	0	0	0	0	0	0	0	0	0	0	0	0	0	0	0	0	0	0	0	0	0	0	0	0	0	0	0	0	0	0	0	0	0	0	0	0	0	0	0	0	0	0	0	0	0	0	0	0	0	0	0	0	0	0	0	0	0	0	0	0	0	0	0	0	0	0	0	0	0	0	0	1	1	0	0	0	0	0	0	2	2	0	0	0	0	2	2	0	0	3	2	2	1	0	0	2	2	0	1	1	1	0	0	1	1	3	3	1	1	0	0	0	0	0	0	0	0	0	1	1	1	0	0	0	0	0	0	0	0	0	0	0	0	0	0	1	1	0	0	3	3	2	2	0	0	1	1	0	0	0	0	0	0	0	0	3	3	0	0	0	0	0	0	0	0	0	1	0	0	0	0	0	0	0	0	0	0	0	0	0	0	0	0	0	0	0	0	1	1	0	0	0	0	1	0	0	1	0	0
L545E:Mycobacterium tuberculosis rpoB with mutations conferring resistance to rifampicin	0	0	0	0	0	0	0	0	0	0	0	0	0	0	0	0	0	0	0	0	0	0	0	0	0	0	0	0	0	0	0	0	0	0	0	0	0	0	0	0	0	0	0	0	0	0	0	0	0	0	0	0	0	0	0	0	0	0	0	0	0	0	0	0	0	0	0	0	0	0	0	0	0	0	0	0	0	0	0	0	0	0	0	0	0	0	0	0	0	0	0	0	1	1	0	0	0	0	0	0	0	0	0	0	0	0	0	0	0	0	0	0	0	0	0	0	0	0	0	0	0	0	1	0	12	17	13	15	27	30	0	0	13	10	6	8	11	16	5	3	12	7	4	2	2	2	3	5	2	3	4	2	5	5	11	9	3	5	2	0	3	6	3	5	1	1	13	9	14	18	2	1	7	4	0	2	2	5	2	4	7	9	8	8	8	11	7	4	0	2	1	0	3	4	12	12	4	5	4	9	5	4	5	5	4	3	3	2	2	1	69	72	2	2	84	83	4	5	2	4	0	0	2	1	4	4	1	2	1	0	1	1	10	7	5	1	3	3	10	5	5	6	3	5
E562G:Mycobacterium tuberculosis rpoB with mutations conferring resistance to rifampicin	0	0	0	0	0	0	0	0	0	0	0	0	0	0	0	0	0	0	0	0	0	0	0	0	0	0	0	0	0	0	0	0	0	0	0	0	0	0	0	0	0	0	0	0	0	0	0	0	0	0	0	0	0	0	0	0	0	0	0	0	0	0	0	0	0	0	0	0	0	0	0	0	0	0	0	0	0	0	0	0	0	0	0	0	0	0	0	0	0	0	0	0	1	1	0	0	0	0	0	0	0	0	0	0	0	0	0	0	0	0	0	0	0	0	0	0	0	0	0	0	0	0	1	0	12	17	13	15	27	30	0	0	13	10	6	8	11	16	5	3	12	7	4	2	2	2	3	5	2	3	4	2	5	5	11	9	3	5	2	0	3	6	3	5	1	1	13	9	14	18	2	1	7	4	0	2	2	5	2	4	7	9	8	8	8	11	7	4	0	2	1	0	3	4	12	12	4	5	4	9	5	4	5	5	4	3	3	2	2	1	69	72	2	2	84	83	4	5	2	4	0	0	2	1	4	4	1	2	1	0	1	1	10	7	5	1	3	3	10	5	5	6	3	5
L571V:Mycobacterium tuberculosis rpoB with mutations conferring resistance to rifampicin	0	0	0	0	0	0	0	0	0	0	0	0	0	0	0	0	0	0	0	0	0	0	0	0	0	0	0	0	0	0	0	0	0	0	0	0	0	0	0	0	0	0	0	0	0	0	0	0	0	0	0	0	0	0	0	0	0	0	0	0	0	0	0	0	0	0	0	0	0	0	0	0	0	0	0	0	0	0	0	0	0	0	0	0	0	0	0	0	0	0	0	0	1	1	0	0	0	0	0	0	0	0	0	0	0	0	0	0	0	0	0	0	0	0	0	0	0	0	0	0	0	0	1	0	12	17	13	15	27	30	0	0	13	10	6	8	11	16	5	3	12	7	4	2	2	2	3	5	2	3	4	2	5	5	11	9	3	5	2	0	3	6	3	5	1	1	13	9	14	18	2	1	7	4	0	2	2	5	2	4	7	9	8	8	8	11	7	4	0	2	1	0	3	4	12	12	4	5	4	9	5	4	5	5	4	3	3	2	2	1	69	72	2	2	84	83	4	5	2	4	0	0	2	1	4	4	1	2	1	0	1	1	10	7	5	1	3	3	10	5	5	6	3	5
S574L:Mycobacterium tuberculosis rpoB with mutations conferring resistance to rifampicin	0	0	0	0	0	0	0	0	0	0	0	0	0	0	0	0	0	0	0	0	0	0	0	0	0	0	0	0	0	0	0	0	0	0	0	0	0	0	0	0	0	0	0	0	0	0	0	0	0	0	0	0	0	0	0	0	0	0	0	0	0	0	0	0	0	0	0	0	0	0	0	0	0	0	0	0	0	0	0	0	0	0	0	0	0	0	0	0	0	0	0	0	1	1	0	0	0	0	0	0	0	0	0	0	0	0	0	0	0	0	0	0	0	0	0	0	0	0	0	0	0	0	1	0	12	17	13	15	27	30	0	0	13	10	6	8	11	16	5	3	12	7	4	2	2	2	3	5	2	3	4	2	5	5	11	9	3	5	2	0	3	6	3	5	1	1	13	9	14	18	2	1	7	4	0	2	2	5	2	4	7	9	8	8	8	11	7	4	0	2	1	0	3	4	12	12	4	5	4	9	5	4	5	5	4	3	3	2	2	1	69	72	2	2	84	83	4	5	2	4	0	0	2	1	4	4	1	2	1	0	1	1	10	7	5	1	3	3	10	5	5	6	3	5
M434I:Mycobacterium tuberculosis rpoB with mutations conferring resistance to rifampicin	0	0	0	0	0	0	0	1	0	0	0	0	0	0	0	0	0	0	0	0	0	0	0	0	0	0	0	0	0	0	0	0	0	0	0	0	0	0	0	0	0	0	0	0	0	0	0	0	0	0	0	0	0	0	0	0	0	0	0	0	0	0	0	0	0	0	0	0	0	0	0	0	0	0	0	0	0	0	0	0	0	0	0	0	0	0	0	0	0	0	0	0	0	0	0	0	0	0	0	0	0	0	0	0	0	0	0	0	0	0	0	0	0	0	0	0	0	0	0	0	0	0	1	0	12	17	13	15	27	30	0	0	13	10	6	8	11	16	5	3	12	7	4	2	2	2	3	5	2	3	4	2	5	5	11	9	3	5	2	0	3	6	3	5	1	1	13	9	14	18	2	1	7	4	0	2	2	5	2	4	7	9	8	8	8	11	7	4	0	2	1	0	3	4	12	12	4	5	4	9	5	4	5	5	4	3	3	2	2	1	69	72	2	2	84	83	4	5	2	4	0	0	2	1	4	4	1	2	1	0	1	1	10	7	5	1	3	3	10	5	5	6	3	5
M434L:Mycobacterium tuberculosis rpoB with mutations conferring resistance to rifampicin	0	0	0	0	0	0	0	1	0	0	0	0	0	0	0	0	0	0	0	0	0	0	0	0	0	0	0	0	0	1	0	0	0	0	0	0	0	0	0	0	0	0	0	0	0	0	0	0	0	0	0	0	0	0	0	0	0	0	0	0	0	0	0	0	0	0	0	0	0	0	0	0	0	0	0	0	0	0	0	0	0	0	0	0	0	0	0	0	0	1	0	0	0	0	0	0	0	0	0	0	0	0	0	0	0	0	0	0	0	0	0	0	0	0	0	0	0	0	0	0	0	0	1	0	12	17	13	15	27	30	0	0	13	10	6	8	11	16	5	3	12	7	4	2	2	2	3	5	2	3	4	2	5	5	11	9	3	5	2	0	3	6	3	5	1	1	13	9	14	18	2	1	7	4	0	2	2	5	2	4	7	9	8	8	8	11	7	4	0	2	1	0	3	4	12	12	4	5	4	9	5	4	5	5	4	3	3	2	2	1	69	72	2	2	84	83	4	5	2	4	0	0	2	1	4	4	1	2	1	0	1	1	10	7	5	1	3	3	10	5	5	6	3	5
M437I:Pseudomonas aeruginosa parE conferring resistance to fluoroquinolones	2	1	0	0	0	0	0	0	1	1	0	0	0	0	0	0	0	0	0	0	0	0	0	0	0	0	8	5	0	0	0	0	0	0	0	0	0	0	0	0	0	0	0	0	0	0	0	0	1	1	0	1	0	0	0	0	0	0	0	0	0	0	0	0	0	0	0	0	7	3	0	0	0	0	0	0	0	0	0	0	0	0	0	0	0	0	0	0	1	1	0	0	0	2	6	11	2	2	0	0	0	0	7	6	0	0	0	0	0	1	2	0	2	2	0	0	0	0	0	0	0	0	0	0	0	0	0	0	0	0	0	0	0	0	2	3	0	1	0	0	0	2	0	0	0	0	2	2	0	0	1	2	0	0	1	2	0	1	0	0	1	3	0	0	0	0	0	0	0	0	1	1	1	1	0	0	0	0	0	0	1	2	0	0	0	0	0	0	0	0	0	0	0	0	0	0	0	0	0	1	1	1	0	0	0	0	0	2	0	1	0	0	0	1	2	2	1	1	3	1	0	1	0	0	0	0	0	0	0	0	0	1	1	0	1	1	0	1	2	2	0	0	1	0
N296H:Mycobacterium tuberculosis embB mutant conferring resistance to ethambutol	0	0	0	0	0	0	0	0	0	0	0	0	0	0	0	0	0	0	0	0	0	0	0	0	0	0	0	0	0	0	0	0	0	0	0	0	0	0	0	0	0	0	0	0	0	0	0	0	0	0	0	0	0	0	0	0	0	0	0	0	0	0	0	0	0	0	0	0	0	0	0	0	0	0	0	0	0	0	0	0	0	0	0	0	0	0	0	0	0	0	0	0	0	0	0	0	0	0	0	0	0	0	0	0	0	0	0	0	0	0	0	3	0	0	0	0	0	0	0	0	0	1	0	0	0	0	0	0	0	0	0	0	0	0	0	0	0	0	0	0	0	0	0	0	0	0	0	0	0	0	0	0	0	0	0	0	0	0	0	0	0	0	0	0	0	0	0	0	0	0	0	0	0	0	0	0	0	0	0	0	0	1	1	1	0	0	0	0	0	0	0	0	0	0	0	0	0	0	0	0	0	0	0	0	0	0	0	0	0	0	0	0	0	0	0	0	0	0	0	0	0	0	0	0	0	0	1	0	0	0	0	0	0	0	0	0	0	0	0	0	0	1	0	0
D299E:Mycobacterium tuberculosis embB mutant conferring resistance to ethambutol	0	0	0	0	0	0	0	0	0	0	0	0	0	0	0	0	0	0	0	0	0	0	0	0	0	0	0	0	0	0	0	0	0	0	0	0	0	0	0	0	0	0	0	0	0	0	0	0	0	0	0	0	0	0	0	0	0	0	0	0	0	0	0	0	0	0	0	0	0	0	0	0	0	0	0	0	0	0	0	0	0	0	0	0	0	0	0	0	0	0	0	0	0	0	0	0	0	0	0	0	0	0	0	0	0	0	0	0	0	0	0	3	0	0	0	0	0	0	0	0	0	0	0	0	0	0	0	0	0	0	0	0	0	0	0	0	0	0	0	0	0	0	0	0	0	0	0	0	0	0	0	0	0	0	0	0	0	0	0	0	0	0	0	0	0	0	0	0	0	0	0	0	0	0	0	0	0	0	0	0	0	1	1	1	0	0	0	0	0	0	0	0	0	0	0	0	0	0	0	0	0	0	0	0	0	0	0	0	0	0	0	0	0	0	0	0	0	0	0	0	0	0	0	0	0	0	1	0	0	0	0	0	0	0	0	0	0	0	0	0	0	1	0	0
N416S:Mycobacterium tuberculosis rpoC mutations confer resistance to rifampicin	1	1	0	0	2	2	0	0	0	0	0	0	0	0	0	0	0	0	0	0	0	0	0	0	0	0	1	1	0	0	0	0	0	0	0	0	0	0	0	0	0	0	0	0	0	0	0	0	0	0	1	1	0	0	0	0	0	0	0	0	0	0	0	0	0	0	1	1	1	1	0	0	0	0	0	0	0	0	0	0	1	1	0	0	0	0	0	0	1	1	0	0	0	0	0	0	0	0	0	0	0	0	0	0	0	0	0	0	0	0	0	0	0	0	0	0	0	0	1	1	0	0	50	51	135	135	133	140	239	235	38	52	48	59	58	56	72	61	33	35	72	80	33	35	23	20	48	41	47	42	49	29	34	34	75	80	79	74	28	27	88	99	55	52	55	57	68	53	74	80	33	42	48	33	41	33	43	49	43	35	58	52	53	52	30	42	24	30	32	21	48	43	49	42	30	29	21	23	41	53	36	37	34	32	35	39	33	44	21	33	267	265	76	71	348	352	68	50	50	63	27	29	22	17	50	52	15	13	21	24	45	49	72	77	64	62	60	46	52	49	80	70	52	48
G433S:Mycobacterium tuberculosis rpoC mutations confer resistance to rifampicin	1	1	0	0	2	2	0	0	0	0	0	0	0	0	0	0	0	0	0	0	0	0	0	0	0	0	0	0	0	0	0	0	0	0	0	0	0	0	0	0	0	0	0	0	0	0	0	0	0	0	1	1	0	0	0	0	0	0	0	0	0	0	0	0	0	0	1	1	1	1	0	0	0	0	0	0	0	0	0	0	1	1	0	0	0	0	0	0	1	1	0	0	0	0	0	0	0	0	0	0	0	0	0	0	0	0	0	0	0	0	0	0	0	0	0	0	0	0	1	1	0	0	50	51	135	135	133	140	239	235	38	52	48	59	58	56	72	61	33	35	72	80	33	35	23	20	48	41	47	42	49	29	34	34	75	80	79	74	28	27	88	99	55	52	55	57	68	53	74	80	33	42	48	33	41	33	43	49	43	35	58	52	53	52	30	42	24	30	32	21	48	43	49	42	30	29	21	23	41	53	36	37	34	32	35	39	33	44	21	33	267	265	76	71	348	352	68	50	50	63	27	29	22	17	50	52	15	13	21	24	45	49	72	77	64	62	60	46	52	49	80	70	52	48
K445R:Mycobacterium tuberculosis rpoC mutations confer resistance to rifampicin	1	1	0	0	2	2	0	0	0	0	0	0	0	0	0	0	0	0	0	0	0	0	0	0	0	0	1	1	0	0	0	0	0	0	0	0	0	0	0	0	0	0	0	0	0	0	0	0	0	0	1	1	0	0	0	0	0	0	0	0	0	0	0	0	0	0	1	1	1	1	0	0	0	0	0	0	0	0	0	0	1	1	0	0	0	0	0	0	1	1	0	0	0	0	0	0	0	0	0	0	0	0	0	0	0	0	0	0	0	0	0	0	0	0	0	0	0	0	1	1	0	0	50	51	135	135	133	140	239	235	38	52	48	59	58	56	72	61	33	35	72	80	33	35	23	20	48	41	47	42	49	29	34	34	75	80	79	74	28	27	88	99	55	52	55	57	68	53	74	80	33	42	48	33	41	33	43	49	43	35	58	52	53	52	30	42	24	30	32	21	48	43	49	42	30	29	21	23	41	53	36	37	34	32	35	39	33	44	21	33	267	265	76	71	348	352	68	50	50	63	27	29	22	17	50	52	15	13	21	24	45	49	72	77	64	62	60	46	52	49	80	70	52	48
N437Y:Mycobacterium tuberculosis rpoB with mutations conferring resistance to rifampicin	0	0	5	2	1	1	4	5	0	0	0	0	0	0	0	0	3	1	0	0	0	0	0	1	1	0	0	0	0	0	0	0	0	0	0	0	0	0	0	0	0	0	0	0	3	2	4	5	0	0	0	0	0	0	1	0	0	0	0	0	2	0	0	0	0	1	1	0	0	0	0	0	0	0	0	0	0	0	0	0	0	0	0	1	1	0	0	0	20	13	0	0	21	19	0	0	0	0	0	0	0	0	0	0	0	0	0	0	0	0	0	0	0	0	0	0	0	0	2	0	0	0	1	0	12	17	13	15	27	30	0	0	13	10	6	8	11	16	5	3	12	7	4	2	2	2	3	5	2	3	4	2	5	5	11	9	3	5	2	0	3	6	3	5	1	1	13	9	14	18	2	1	7	4	0	2	2	5	2	4	7	9	8	8	8	11	7	4	0	2	1	0	3	4	12	12	4	5	4	9	5	4	5	5	4	3	3	2	2	1	69	72	2	2	84	83	4	5	2	4	0	0	2	1	4	4	1	2	1	0	1	1	10	7	5	1	3	3	10	5	5	6	3	5
P496S:Clostridioides difficile rpoB with mutation conferring resistance to rifampicin	0	0	0	0	0	0	0	0	0	0	0	0	0	0	0	0	0	0	0	0	0	0	0	0	0	0	0	0	0	0	0	0	0	0	0	0	0	0	0	0	0	0	0	0	0	0	0	0	0	0	0	0	0	0	0	0	0	0	0	0	0	0	0	0	0	0	0	0	0	0	0	0	0	1	0	0	0	0	0	0	0	0	0	0	0	0	0	0	0	0	0	0	0	0	0	0	0	0	0	0	0	0	0	0	0	0	0	0	0	0	0	0	0	0	0	0	0	0	0	0	0	0	28	27	11	8	3	3	13	9	17	12	22	22	15	17	23	13	1	4	21	27	7	9	9	12	7	13	20	13	7	11	10	6	13	24	22	16	5	8	14	16	12	14	6	6	4	3	8	7	8	7	10	3	16	20	17	17	23	32	18	15	9	10	3	8	5	10	17	27	10	5	16	12	9	5	10	8	27	22	12	11	26	27	5	7	13	9	26	32	28	25	16	22	27	28	22	30	19	16	4	2	2	2	22	14	3	3	2	3	8	4	25	23	19	14	20	19	17	18	26	15	20	14
Q1073R:Clostridioides difficile rpoB with mutation conferring resistance to rifampicin	10	6	15	13	14	10	12	11	11	4	8	13	12	5	2	7	4	5	9	8	4	5	6	2	8	8	9	10	4	6	6	6	7	10	5	9	2	3	4	9	4	5	11	6	1	1	8	7	5	2	0	3	4	3	3	6	9	5	5	5	8	4	8	7	6	5	1	2	9	14	8	5	4	1	12	10	11	13	4	4	2	2	9	7	8	6	5	6	10	10	17	13	16	19	9	8	11	16	5	4	2	3	9	8	5	7	7	4	1	5	14	9	19	12	7	3	11	11	9	9	8	9	28	27	11	8	3	3	13	9	17	12	22	22	15	17	23	13	1	4	21	27	7	9	9	12	7	13	20	13	7	11	10	6	13	24	22	16	5	8	14	16	12	14	6	6	4	3	8	7	8	7	10	3	16	20	17	17	23	32	18	15	9	10	3	8	5	10	17	27	10	5	16	12	9	5	10	8	27	22	12	11	26	27	5	7	13	9	26	32	28	25	16	22	27	28	22	30	19	16	4	2	2	2	22	14	3	3	2	3	8	4	25	23	19	14	20	19	17	18	26	15	20	14
Q429P:Mycobacterium tuberculosis rpoB with mutations conferring resistance to rifampicin	0	0	0	0	0	0	0	0	0	0	0	0	0	0	0	0	0	0	0	0	0	0	0	0	0	0	0	0	0	0	0	0	0	0	0	0	0	0	0	0	0	0	0	0	0	0	0	0	0	0	0	0	0	0	0	0	0	0	0	0	0	1	0	0	0	0	0	0	0	0	0	0	0	0	0	0	0	0	0	0	0	0	0	0	0	0	0	0	0	0	0	0	0	0	0	0	0	0	0	0	0	0	0	0	0	0	0	0	0	0	0	0	0	0	0	0	0	0	0	0	0	0	1	0	12	17	13	15	27	30	0	0	13	10	6	8	11	16	5	3	12	7	4	2	2	2	3	5	2	3	4	2	5	5	11	9	3	5	2	0	3	6	3	5	1	1	13	9	14	18	2	1	7	4	0	2	2	5	2	4	7	9	8	8	8	11	7	4	0	2	1	0	3	4	12	12	4	5	4	9	5	4	5	5	4	3	3	2	2	1	69	72	2	2	84	83	4	5	2	4	0	0	2	1	4	4	1	2	1	0	1	1	10	7	5	1	3	3	10	5	5	6	3	5
Q469R:Bacillus subtilis rpoB mutants conferring resistance to rifampin	0	0	0	0	0	0	0	0	0	0	0	0	0	0	0	0	0	0	0	0	0	0	0	0	0	0	0	0	0	0	0	0	0	0	0	0	0	0	0	0	0	0	0	0	0	0	0	0	0	0	0	0	0	0	0	0	0	0	0	0	0	0	0	0	0	0	0	0	0	0	0	0	0	0	0	0	0	0	0	0	0	0	0	0	0	0	0	0	0	0	0	0	0	0	0	0	0	0	0	0	0	0	0	0	0	0	0	0	0	0	0	0	0	0	1	1	0	0	0	0	0	0	1	2	2	0	0	0	1	1	4	4	4	3	18	11	11	9	17	18	5	7	8	8	15	13	4	3	1	2	6	8	19	15	3	3	4	2	20	26	6	8	3	4	20	14	1	1	0	0	3	0	0	0	0	2	2	1	1	0	0	1	0	1	0	0	1	0	1	0	1	0	0	0	0	0	0	1	0	1	1	2	0	0	2	2	0	0	0	0	1	1	1	2	3	4	2	1	2	0	0	0	0	1	0	0	1	0	0	1	0	0	18	18	14	14	7	4	9	6	14	15	9	7
H482Y:Bacillus subtilis rpoB mutants conferring resistance to rifampin	0	0	0	0	0	0	0	0	0	0	0	0	0	0	0	0	0	0	0	0	0	0	0	0	0	0	0	0	0	0	0	0	0	0	0	0	0	0	0	0	0	0	0	0	0	0	0	0	0	0	0	0	0	0	0	0	0	0	0	0	0	0	0	0	0	0	0	0	0	0	0	0	0	0	0	0	0	0	0	0	0	0	0	0	0	0	0	0	0	0	0	0	0	0	0	0	0	0	0	0	0	0	0	0	0	0	0	0	0	0	0	0	0	0	1	1	0	0	0	0	0	0	1	2	2	0	0	0	1	1	4	4	4	3	18	11	11	9	17	18	5	7	8	8	15	13	4	3	1	2	6	8	19	15	3	3	4	2	20	26	6	8	3	4	20	14	1	1	0	0	3	0	0	0	0	2	2	1	1	0	0	1	0	1	0	0	1	0	1	0	1	0	0	0	0	0	0	1	0	1	1	2	0	0	2	2	0	0	0	0	1	1	1	2	3	4	2	1	2	0	0	0	0	1	0	0	1	0	0	1	0	0	18	18	14	14	7	4	9	6	14	15	9	7
R231C:Escherichia coli EF-Tu mutants conferring resistance to Pulvomycin	0	0	0	0	0	0	0	0	0	1	0	0	1	1	0	0	0	0	0	0	0	0	0	0	0	0	0	0	0	0	0	0	2	2	0	0	0	0	1	2	0	0	0	0	0	0	0	0	0	0	0	0	1	1	0	0	0	0	0	0	0	0	0	0	0	0	0	0	0	0	3	3	0	0	1	1	0	0	0	0	0	0	1	1	0	0	0	0	0	0	0	0	0	0	0	0	1	1	0	0	0	0	2	2	1	1	0	0	0	1	0	0	0	0	1	1	0	0	2	2	0	0	1	0	0	1	1	0	1	1	1	3	0	0	0	2	0	0	0	0	0	2	0	0	0	0	0	0	1	1	1	1	0	0	0	0	2	2	0	0	5	3	0	0	0	0	0	2	0	0	2	1	6	0	1	1	1	1	0	0	1	1	1	1	3	2	1	1	1	1	1	1	0	0	0	0	0	0	0	0	0	0	2	2	0	2	0	0	0	0	1	1	3	5	2	2	9	6	3	2	0	3	0	0	1	1	0	0	0	0	2	2	4	6	3	3	5	5	1	2	1	1	0	0
R234F:Escherichia coli EF-Tu mutants conferring resistance to Pulvomycin	0	0	0	0	0	0	0	0	0	1	0	0	1	1	0	0	0	0	0	0	0	0	0	0	0	0	0	0	0	0	0	0	2	2	0	0	0	0	1	2	0	0	0	0	0	0	0	0	0	0	0	0	1	1	0	0	0	0	0	0	0	0	0	0	0	0	0	0	0	0	3	3	0	0	1	1	0	0	0	0	0	0	1	1	0	0	0	0	0	0	0	0	0	0	0	0	1	1	0	0	0	0	2	2	1	1	0	0	0	1	0	0	0	0	1	1	0	0	2	2	0	0	1	0	0	1	1	0	1	1	1	3	0	0	0	2	0	0	0	0	0	2	0	0	0	0	0	0	1	1	1	1	0	0	0	0	2	2	0	0	5	3	0	0	0	0	0	2	0	0	2	1	6	0	1	1	1	1	0	0	1	1	1	1	3	2	1	1	1	1	1	1	0	0	0	0	0	0	0	0	0	0	2	2	0	2	0	0	0	0	1	1	3	5	2	2	9	6	3	2	0	3	0	0	1	1	0	0	0	0	2	2	4	6	3	3	5	5	1	2	1	1	0	0
R529S:Escherichia coli rpoB mutants conferring resistance to rifampicin	0	0	0	0	0	0	0	0	0	0	0	0	0	0	0	0	0	0	0	0	0	0	0	0	0	0	0	0	0	0	0	0	0	0	0	0	0	0	0	0	0	0	0	0	0	0	0	0	0	0	0	0	0	0	0	0	0	0	0	0	0	0	0	0	0	0	0	0	0	0	0	0	0	0	0	0	0	0	0	0	0	0	0	0	0	0	0	0	0	0	0	0	0	0	0	0	0	0	0	0	0	0	0	0	0	0	0	0	0	0	0	1	0	0	0	0	0	0	0	0	0	0	49	36	75	78	68	66	75	87	24	34	27	20	6	12	35	29	6	8	42	21	18	11	5	4	13	16	40	43	18	16	8	1	24	16	12	12	9	3	29	38	30	22	12	3	13	13	20	23	21	21	21	24	13	13	18	13	9	8	18	10	19	15	15	16	16	8	9	8	43	36	31	35	11	11	7	7	23	25	14	19	9	6	22	23	16	22	12	10	56	46	61	60	56	44	102	96	54	33	9	11	10	10	34	34	7	7	9	8	32	20	44	51	42	31	39	38	20	13	39	32	11	20
S140N:Mycobacterium tuberculosis katG mutations conferring resistance to isoniazid	0	0	0	0	0	0	0	0	2	1	1	1	0	0	0	0	0	0	1	1	0	0	0	0	2	1	0	1	0	0	0	0	0	0	0	1	0	0	1	2	1	1	2	2	0	0	0	0	1	0	0	0	0	0	0	0	0	0	0	0	0	0	0	0	0	0	0	0	1	0	1	1	0	0	0	0	0	0	0	0	0	0	1	0	0	0	0	0	1	1	0	0	0	1	0	0	0	0	0	0	0	0	1	1	0	0	0	0	0	0	0	0	0	0	1	1	2	4	0	0	0	0	1	1	0	0	0	1	1	1	3	3	2	0	3	3	2	2	0	0	3	3	0	1	1	1	0	1	3	3	0	0	2	0	1	0	0	0	0	1	1	1	0	0	0	0	1	1	0	0	0	2	0	0	1	1	0	0	3	2	3	3	0	0	9	8	3	3	0	0	0	0	1	1	2	3	2	2	4	2	1	4	0	0	3	3	1	3	2	1	2	2	7	7	0	0	1	0	0	1	2	2	0	0	1	1	0	2	0	0	1	1	0	1	5	4	5	2	2	2	1	0	1	2
S441A:Mycobacterium tuberculosis rpoB with mutations conferring resistance to rifampicin	0	0	1	1	7	5	4	4	0	0	1	3	1	0	1	0	0	0	1	3	0	0	0	0	2	1	0	1	0	0	0	0	2	0	1	1	0	0	0	0	0	0	0	0	0	1	0	0	1	1	1	0	2	0	1	2	3	2	2	4	3	4	1	0	0	1	0	0	0	0	2	2	1	2	2	1	1	0	1	1	2	1	0	1	0	1	0	0	1	0	0	0	1	0	0	1	1	0	3	1	0	0	1	0	0	0	0	0	2	0	1	2	1	0	1	2	2	1	0	0	0	1	1	0	12	17	13	15	27	30	0	0	13	10	6	8	11	16	5	3	12	7	4	2	2	2	3	5	2	3	4	2	5	5	11	9	3	5	2	0	3	6	3	5	1	1	13	9	14	18	2	1	7	4	0	2	2	5	2	4	7	9	8	8	8	11	7	4	0	2	1	0	3	4	12	12	4	5	4	9	5	4	5	5	4	3	3	2	2	1	69	72	2	2	84	83	4	5	2	4	0	0	2	1	4	4	1	2	1	0	1	1	10	7	5	1	3	3	10	5	5	6	3	5
S456L:Mycobacterium tuberculosis rpoB with mutations conferring resistance to rifampicin	0	0	0	0	0	0	0	0	0	0	0	0	0	0	0	0	0	0	0	0	0	0	0	0	0	0	0	0	0	0	0	0	0	0	0	0	0	0	0	0	0	0	0	0	0	0	0	0	0	0	0	0	0	0	0	0	0	0	0	0	1	0	0	0	0	0	0	0	0	0	0	0	0	0	0	0	0	0	0	0	0	0	0	0	0	0	0	0	0	0	0	0	0	0	0	0	0	0	0	0	0	0	0	0	0	0	0	0	0	0	1	0	0	0	0	0	1	0	0	0	0	0	1	0	12	17	13	15	27	30	0	0	13	10	6	8	11	16	5	3	12	7	4	2	2	2	3	5	2	3	4	2	5	5	11	9	3	5	2	0	3	6	3	5	1	1	13	9	14	18	2	1	7	4	0	2	2	5	2	4	7	9	8	8	8	11	7	4	0	2	1	0	3	4	12	12	4	5	4	9	5	4	5	5	4	3	3	2	2	1	69	72	2	2	84	83	4	5	2	4	0	0	2	1	4	4	1	2	1	0	1	1	10	7	5	1	3	3	10	5	5	6	3	5
S463A:Morganella morganii gyrB conferring resistance to fluoroquinolones	0	0	5	4	3	3	0	0	0	0	0	0	0	0	0	0	0	0	0	0	0	0	0	0	0	0	0	0	0	0	0	0	0	0	0	0	0	0	0	0	0	0	0	0	1	1	0	0	0	0	0	0	0	0	0	0	0	0	0	0	0	0	0	0	0	0	0	0	2	2	0	0	0	0	0	0	0	0	0	0	1	1	0	0	0	0	0	0	0	0	0	0	0	0	0	0	0	0	0	0	1	1	0	0	0	0	0	0	0	0	0	0	0	0	0	0	0	0	0	0	0	0	4	2	0	0	0	0	0	0	0	0	0	0	0	0	0	0	0	0	0	2	0	0	0	1	0	0	0	0	0	0	0	0	0	0	0	0	0	0	0	0	0	0	2	0	0	0	0	0	0	0	2	0	0	0	0	0	0	0	0	0	0	0	0	0	0	0	0	0	0	0	0	0	0	0	0	0	0	0	0	0	0	0	0	0	1	0	0	0	0	0	1	1	0	0	4	2	0	0	0	0	0	0	0	0	0	0	0	0	0	0	0	0	0	0	0	0	0	0	1	0	1	1
S622A:Mycobacterium tuberculosis rpoB with mutations conferring resistance to rifampicin	0	0	0	0	0	0	0	0	0	0	0	0	0	0	0	0	0	0	0	0	0	0	0	0	0	0	0	0	0	0	0	0	0	0	0	0	0	0	0	0	0	0	0	0	0	0	0	0	0	0	0	0	0	0	0	0	0	0	0	0	0	0	0	0	0	0	0	0	0	0	0	0	0	0	0	0	0	0	0	0	0	0	0	0	0	0	0	0	0	0	0	0	0	0	0	0	0	0	0	0	0	0	0	0	0	0	0	0	0	0	1	0	0	0	0	0	0	0	0	0	0	0	1	0	12	17	13	15	27	30	0	0	13	10	6	8	11	16	5	3	12	7	4	2	2	2	3	5	2	3	4	2	5	5	11	9	3	5	2	0	3	6	3	5	1	1	13	9	14	18	2	1	7	4	0	2	2	5	2	4	7	9	8	8	8	11	7	4	0	2	1	0	3	4	12	12	4	5	4	9	5	4	5	5	4	3	3	2	2	1	69	72	2	2	84	83	4	5	2	4	0	0	2	1	4	4	1	2	1	0	1	1	10	7	5	1	3	3	10	5	5	6	3	5
S80I:Escherichia coli parC conferring resistance to fluoroquinolones	0	0	0	0	0	0	0	0	0	0	0	0	1	0	0	0	0	0	0	2	0	0	0	0	1	0	0	0	0	0	0	0	1	0	1	3	2	0	0	1	0	0	0	0	0	0	0	0	0	1	0	0	0	0	1	0	0	0	0	0	2	3	0	0	0	0	0	0	0	0	0	0	0	0	0	0	0	0	0	0	0	0	1	0	0	0	0	0	0	0	0	0	0	0	0	0	0	0	0	1	0	0	0	0	0	0	1	1	0	0	1	0	0	0	0	0	1	0	0	0	0	0	1	0	0	0	0	1	2	0	1	2	1	1	0	1	2	0	0	0	0	1	0	0	1	1	0	0	3	0	0	0	0	1	2	1	3	1	0	0	1	0	2	1	2	0	0	0	0	1	0	0	3	4	0	0	0	0	3	3	0	1	0	0	0	1	0	0	0	0	0	0	0	0	0	0	1	0	0	0	1	1	0	0	1	0	0	0	0	0	0	1	1	1	1	0	13	12	2	1	0	0	0	0	1	0	0	0	0	0	0	0	0	0	0	0	1	0	1	0	0	3	1	0
S80L:Pseudomonas aeruginosa gyrA and parC conferring resistance to fluoroquinolones	0	0	0	0	0	0	0	0	1	0	0	0	0	0	0	0	0	0	0	0	0	0	0	0	0	0	4	3	0	0	0	0	0	0	0	0	0	0	0	0	0	0	0	0	0	0	0	0	0	1	1	1	0	0	0	0	0	0	0	0	0	0	0	0	0	0	0	0	0	0	0	1	0	0	0	0	0	0	0	0	0	0	0	0	0	0	0	0	0	0	1	0	0	0	13	8	2	1	0	1	0	0	0	0	0	0	0	0	0	0	0	0	0	0	0	0	0	0	0	0	0	0	0	0	0	0	0	0	0	0	0	0	0	0	0	0	0	0	0	0	0	0	0	0	0	0	0	0	0	0	0	0	0	0	0	0	0	0	0	0	0	0	0	0	0	0	0	0	0	0	0	0	0	0	0	0	0	0	0	0	0	0	0	0	0	0	0	0	0	0	0	0	0	0	0	0	0	0	0	0	0	0	0	0	0	0	0	0	0	0	0	0	0	0	0	0	0	0	0	0	0	0	0	0	0	0	0	0	0	0	0	0	0	0	0	0	0	0	0	0	0	0	0	0
S84F:Haemophilus parainfluenzae parC conferring resistance to fluoroquinolones	0	0	0	0	0	0	0	0	1	2	1	3	0	2	0	0	0	0	1	0	0	0	0	0	1	0	0	0	1	0	0	0	3	3	4	2	0	0	0	1	1	0	0	0	0	0	0	0	2	2	0	0	2	0	0	0	2	2	2	0	0	0	1	1	2	1	0	0	1	2	2	0	1	2	0	0	1	0	2	1	0	0	3	2	0	0	0	0	0	0	0	0	0	0	0	0	2	2	1	0	1	0	1	2	0	0	0	0	2	2	2	3	3	1	0	1	0	0	2	2	0	0	3	2	0	2	1	2	2	0	2	3	0	0	0	0	1	1	0	0	0	0	1	0	0	0	0	0	7	2	1	0	0	0	0	0	0	0	0	0	0	0	1	0	0	0	0	0	0	0	0	0	3	2	0	0	0	0	0	0	0	0	1	0	0	0	0	0	0	0	2	3	1	1	0	0	0	0	0	1	0	0	0	0	1	0	1	1	0	0	1	1	2	3	1	2	12	12	3	3	0	0	1	0	2	1	0	0	0	0	2	0	1	0	5	3	4	5	1	1	6	2	0	0
S84L:Acinetobacter baumannii parC conferring resistance to fluoroquinolones	0	0	1	0	0	0	0	0	0	0	0	0	0	0	3	0	0	0	2	0	0	0	0	0	0	0	1	0	0	0	1	0	0	1	0	0	0	0	0	0	0	0	0	0	0	0	0	0	0	0	1	2	0	1	3	0	0	0	1	2	0	0	0	0	0	1	1	0	1	1	1	0	0	0	0	0	0	1	0	0	0	0	0	0	1	1	0	1	0	0	0	2	0	1	3	0	0	4	0	0	0	1	0	0	0	0	0	0	0	0	0	0	0	0	0	1	0	0	0	2	0	0	1	5	0	0	2	2	5	6	6	2	2	2	1	2	2	1	1	1	2	4	2	2	0	0	1	1	3	5	1	0	2	1	2	0	7	5	0	0	7	6	2	3	1	2	1	1	0	0	4	6	1	0	3	2	2	1	1	1	2	3	1	1	3	0	1	1	0	1	1	2	2	3	2	2	2	1	1	0	3	1	1	0	5	4	6	2	2	3	2	2	7	5	4	3	14	15	13	3	2	3	0	1	1	3	0	0	0	0	2	0	2	3	2	4	3	0	4	1	2	6	3	3
D105E:Acinetobacter baumannii parC conferring resistance to fluoroquinolones	0	0	0	0	0	0	0	0	0	0	0	0	0	0	0	0	0	0	0	0	0	0	0	0	0	0	0	0	0	0	0	0	0	0	0	0	0	0	0	0	0	0	0	0	0	0	0	0	0	0	1	2	0	0	0	0	0	0	0	0	0	0	0	0	0	1	0	0	1	1	1	0	0	0	0	0	0	0	0	0	0	0	0	0	0	0	0	0	0	0	0	2	0	1	3	0	0	3	0	0	0	0	0	0	0	0	0	0	0	0	0	0	0	0	0	0	0	0	0	0	0	0	1	5	0	0	2	2	5	6	6	2	2	2	1	2	2	1	1	1	2	4	2	2	0	0	1	1	3	5	1	0	2	1	2	0	7	5	0	0	7	6	2	3	1	2	1	1	0	0	4	6	1	0	3	2	2	1	1	1	2	3	1	1	3	0	1	1	0	1	1	2	2	3	2	2	2	1	1	0	3	1	1	0	5	4	6	2	2	3	2	2	7	5	4	3	14	15	13	3	2	3	0	1	1	3	0	0	0	0	2	0	2	3	2	4	3	0	4	1	2	6	3	3
S91F:Neisseria gonorrhoeae gyrA with mutations conferring resistance to fluoroquinolones	0	0	0	0	0	0	0	0	0	0	0	0	0	0	0	0	0	0	0	0	0	0	0	0	0	0	0	0	0	0	0	0	1	0	0	0	0	0	0	0	0	0	0	0	0	0	0	0	0	0	0	0	0	0	0	0	0	0	0	0	0	0	0	0	0	0	0	0	0	0	0	0	0	0	0	0	0	0	0	0	0	0	0	0	0	0	0	0	0	0	1	0	0	0	0	0	0	0	0	0	0	0	0	0	0	0	0	0	0	0	0	1	0	0	0	0	0	0	0	0	0	0	0	0	9	7	3	2	6	7	0	0	0	0	0	0	0	1	0	0	0	0	0	0	0	0	0	0	2	0	0	0	0	0	0	0	0	0	0	0	0	1	0	0	0	0	0	0	0	1	0	0	2	0	1	0	2	1	2	0	0	0	3	3	1	2	0	0	2	0	0	0	0	0	0	0	0	0	0	0	0	0	2	1	4	3	0	1	0	0	2	3	0	3	0	0	1	0	1	1	0	0	0	0	1	1	0	0	0	0	0	0	0	0	0	0	0	0	0	0	0	0	0	0
T29P:Mycolicibacterium smegmatis ndh with mutation conferring resistance to isoniazid	0	0	0	0	0	0	0	0	0	0	0	0	0	0	0	0	0	0	0	0	0	0	0	0	0	0	0	0	0	0	0	0	0	0	0	0	0	0	0	0	0	0	0	0	0	0	0	0	0	0	0	0	0	0	0	0	0	0	0	0	0	0	0	0	0	0	0	0	0	0	0	0	0	0	0	0	0	0	0	0	0	0	0	0	0	0	0	0	0	0	0	0	0	0	0	0	0	0	0	0	0	0	0	0	0	0	0	0	0	0	0	0	0	0	1	1	0	0	0	0	0	0	0	0	0	0	1	0	0	0	0	0	0	0	0	0	0	1	1	0	0	0	0	0	0	0	0	0	0	0	0	0	0	0	0	0	0	0	0	0	0	0	0	0	0	0	0	0	0	0	0	0	0	0	0	0	0	0	0	0	0	0	0	0	0	0	0	0	0	0	0	0	0	0	0	0	0	0	0	0	0	0	0	0	0	0	0	0	0	0	0	0	0	0	0	0	0	0	0	0	0	0	0	0	0	0	0	0	0	0	0	0	0	0	0	0	0	0	0	0	0	0	0	0
T427S:Mycobacterium tuberculosis rpoB with mutations conferring resistance to rifampicin	0	0	0	0	0	0	0	0	0	0	0	0	0	0	0	0	0	0	0	0	0	0	0	0	0	0	0	0	0	0	0	0	0	0	0	0	0	0	0	0	0	0	0	0	0	0	0	0	0	0	0	0	0	0	0	0	0	0	0	0	1	0	0	0	0	0	0	0	0	0	0	0	0	0	0	0	0	0	0	0	0	0	0	0	0	0	0	0	0	0	0	0	0	0	0	0	0	0	0	0	0	0	0	0	0	0	0	0	0	0	1	1	0	0	0	0	0	0	0	0	0	0	1	0	12	17	13	15	27	30	0	0	13	10	6	8	11	16	5	3	12	7	4	2	2	2	3	5	2	3	4	2	5	5	11	9	3	5	2	0	3	6	3	5	1	1	13	9	14	18	2	1	7	4	0	2	2	5	2	4	7	9	8	8	8	11	7	4	0	2	1	0	3	4	12	12	4	5	4	9	5	4	5	5	4	3	3	2	2	1	69	72	2	2	84	83	4	5	2	4	0	0	2	1	4	4	1	2	1	0	1	1	10	7	5	1	3	3	10	5	5	6	3	5
T444P:Mycobacterium tuberculosis rpoB with mutations conferring resistance to rifampicin	0	0	2	0	0	0	0	0	0	0	0	0	0	0	0	0	0	0	0	0	0	0	0	0	0	0	0	0	0	0	0	0	0	0	0	1	0	0	0	0	0	0	0	0	0	0	0	0	0	0	0	0	0	0	0	0	0	0	0	0	0	0	0	0	0	0	0	0	0	0	0	0	0	0	0	0	0	0	0	0	0	0	0	0	0	0	0	0	0	0	0	0	0	0	0	0	0	0	0	0	0	0	0	0	0	0	0	0	0	0	0	0	0	0	0	0	0	0	0	0	0	1	1	0	12	17	13	15	27	30	0	0	13	10	6	8	11	16	5	3	12	7	4	2	2	2	3	5	2	3	4	2	5	5	11	9	3	5	2	0	3	6	3	5	1	1	13	9	14	18	2	1	7	4	0	2	2	5	2	4	7	9	8	8	8	11	7	4	0	2	1	0	3	4	12	12	4	5	4	9	5	4	5	5	4	3	3	2	2	1	69	72	2	2	84	83	4	5	2	4	0	0	2	1	4	4	1	2	1	0	1	1	10	7	5	1	3	3	10	5	5	6	3	5
V104I:Acinetobacter baumannii parC conferring resistance to fluoroquinolones	1	0	0	0	1	1	0	1	0	0	0	0	0	0	0	0	0	0	0	0	0	0	0	0	0	0	0	0	0	1	0	0	0	1	2	0	0	0	0	0	0	0	0	0	0	0	0	0	0	0	1	2	0	0	0	0	1	0	0	0	0	0	0	0	0	0	0	0	0	0	0	0	0	0	0	0	0	0	0	0	1	0	0	0	0	0	0	0	2	0	1	1	0	1	13	11	0	0	0	1	0	0	0	0	1	1	0	0	0	0	0	0	0	0	1	1	0	1	1	1	0	0	1	5	0	0	2	2	5	6	6	2	2	2	1	2	2	1	1	1	2	4	2	2	0	0	1	1	3	5	1	0	2	1	2	0	7	5	0	0	7	6	2	3	1	2	1	1	0	0	4	6	1	0	3	2	2	1	1	1	2	3	1	1	3	0	1	1	0	1	1	2	2	3	2	2	2	1	1	0	3	1	1	0	5	4	6	2	2	3	2	2	7	5	4	3	14	15	13	3	2	3	0	1	1	3	0	0	0	0	2	0	2	3	2	4	3	0	4	1	2	6	3	3
V457L:Mycobacterium tuberculosis gyrB mutant conferring resistance to fluoroquinolones	0	0	0	0	0	0	0	0	0	0	0	0	0	0	0	0	0	0	0	0	0	0	0	0	0	0	0	0	0	0	0	0	0	0	0	0	0	0	0	0	0	0	0	0	0	0	0	0	0	0	0	0	0	0	0	0	0	0	0	0	0	0	0	0	0	0	0	0	0	0	0	0	0	0	0	0	0	0	0	0	0	0	0	0	0	0	0	0	0	0	0	0	0	0	0	0	0	0	0	0	0	0	0	1	0	0	0	0	0	0	0	0	0	0	0	0	0	0	0	1	0	0	0	0	0	0	0	0	0	0	0	0	1	2	0	0	0	0	0	0	0	0	2	0	0	0	0	0	0	0	0	0	0	0	0	0	0	0	0	0	0	0	0	0	0	0	0	1	0	1	0	0	0	0	0	1	0	0	0	0	0	0	0	0	0	0	0	0	0	0	0	0	0	0	0	0	0	0	0	0	0	1	0	0	0	0	0	0	0	0	1	0	0	0	0	0	0	0	0	0	0	0	0	0	0	0	0	0	0	0	0	0	0	0	1	0	2	1	0	0	1	1	0	0
D461N:Mycobacterium tuberculosis gyrB mutant conferring resistance to fluoroquinolones	0	0	0	0	0	0	0	0	0	0	0	0	0	0	0	0	0	0	0	0	0	0	0	0	0	0	0	0	0	0	0	0	0	0	0	0	0	0	0	0	0	0	0	0	0	0	0	0	0	0	0	0	0	0	0	0	0	0	0	0	0	0	0	0	0	0	0	0	0	0	0	0	0	0	0	0	0	0	0	0	0	0	0	0	0	0	0	0	0	0	0	0	0	0	0	0	0	0	0	0	0	0	0	1	0	0	0	0	0	0	0	0	0	0	0	0	0	0	0	1	0	0	0	0	0	0	0	0	0	0	0	0	1	2	0	0	0	0	0	0	0	0	2	0	0	0	0	0	0	0	0	0	0	0	0	0	0	0	0	0	0	0	0	0	0	0	0	1	0	1	0	0	0	0	0	1	0	0	0	0	0	0	0	0	0	0	0	0	0	0	0	0	0	0	0	0	0	0	0	0	0	1	0	0	0	0	0	0	0	0	1	0	0	0	0	0	0	0	0	0	0	0	0	0	0	0	0	0	0	0	0	0	0	0	1	0	2	1	0	0	1	1	0	0
R485C:Mycobacterium tuberculosis gyrB mutant conferring resistance to fluoroquinolones	0	0	0	0	0	0	0	0	0	0	0	0	0	0	0	0	0	0	0	0	0	0	0	0	0	0	0	0	0	0	0	0	0	0	0	0	0	0	0	0	0	0	0	0	0	0	0	0	0	0	0	0	0	0	0	0	0	0	0	0	0	0	0	0	0	0	0	0	0	0	0	0	0	0	0	0	0	0	0	0	0	0	0	0	0	0	0	0	0	0	0	0	0	0	0	0	0	0	0	0	0	0	0	1	0	0	0	0	0	0	0	0	0	0	0	0	0	0	0	1	0	0	0	0	0	0	0	0	0	0	0	0	1	2	0	0	0	0	0	0	0	0	2	0	0	0	0	0	0	0	0	0	0	0	0	0	0	0	0	0	0	0	0	0	0	0	0	1	0	1	0	0	0	0	0	1	0	0	0	0	0	0	0	0	0	0	0	0	0	0	0	0	0	0	0	0	0	0	0	0	0	1	0	0	0	0	0	0	0	0	1	0	0	0	0	0	0	0	0	0	0	0	0	0	0	0	0	0	0	0	0	0	0	0	1	0	2	1	0	0	1	1	0	0
Y61Y:Mycobacterium tuberculosis rpoC mutations confer resistance to rifampicin	1	0	17	11	6	3	24	30	0	0	6	3	8	3	1	2	0	0	10	7	1	5	2	1	4	3	2	2	5	2	2	4	5	7	3	2	5	4	3	4	9	4	3	1	16	18	17	14	0	0	1	0	3	0	3	1	0	1	5	7	6	1	2	1	2	3	0	1	0	0	1	4	5	5	4	4	4	6	0	3	4	4	3	1	2	0	0	1	62	68	6	6	92	90	2	2	0	1	4	1	0	0	0	2	0	0	0	0	1	1	2	2	10	4	2	0	7	6	10	9	5	2	50	51	135	135	133	140	239	235	38	52	48	59	58	56	72	61	33	35	72	80	33	35	23	20	48	41	47	42	49	29	34	34	75	80	79	74	28	27	88	99	55	52	55	57	68	53	74	80	33	42	48	33	41	33	43	49	43	35	58	52	53	52	30	42	24	30	32	21	48	43	49	42	30	29	21	23	41	53	36	37	34	32	35	39	33	44	21	33	267	265	76	71	348	352	68	50	50	63	27	29	22	17	50	52	15	13	21	24	45	49	72	77	64	62	60	46	52	49	80	70	52	48
Wildtype:Acinetobacter baumannii gyrA conferring resistance to fluoroquinolones	0	0	0	0	0	0	0	0	0	0	0	0	0	0	0	0	0	0	0	0	0	0	0	0	0	0	0	0	0	0	0	0	0	0	0	0	0	0	0	0	0	0	0	0	0	0	0	0	0	0	0	0	0	0	0	0	0	0	0	0	0	0	0	0	0	0	0	0	0	0	0	0	0	0	0	0	0	0	0	0	0	0	0	0	0	0	0	0	0	0	0	0	0	0	0	0	0	0	0	0	0	0	0	0	0	0	0	0	0	0	0	0	0	0	0	0	0	0	0	0	0	0	0	0	0	0	0	0	0	0	0	0	0	0	0	0	0	0	0	0	0	0	0	0	0	0	2	1	1	0	0	0	0	0	0	0	0	0	0	0	1	0	0	0	0	0	0	0	0	0	0	0	1	1	0	0	0	0	0	0	0	0	0	0	0	0	0	0	0	0	0	0	0	0	0	0	0	0	0	0	0	0	0	0	0	0	0	0	0	0	0	0	0	0	0	0	8	6	0	0	0	0	0	0	1	0	0	0	0	0	0	0	0	0	0	0	0	0	0	0	0	0	0	0
Wildtype:Acinetobacter baumannii parC conferring resistance to fluoroquinolones	0	0	0	0	0	0	0	0	0	0	0	0	0	0	0	0	0	0	0	0	0	0	0	0	0	0	0	0	0	0	0	0	0	0	0	0	0	0	0	0	0	0	0	0	0	0	0	0	0	0	0	0	0	0	0	0	0	0	0	0	0	0	0	0	0	0	0	0	0	0	0	0	0	0	0	0	0	0	0	0	0	0	0	0	0	0	0	0	0	0	0	0	0	0	0	0	0	0	0	0	0	0	0	0	0	0	0	0	0	0	0	0	0	0	0	0	0	0	0	0	0	0	1	5	0	0	2	2	5	6	6	2	2	2	1	2	2	1	1	1	2	4	2	2	0	0	1	1	3	5	1	0	2	1	2	0	7	5	0	0	7	6	2	3	1	2	1	1	0	0	4	6	1	0	3	2	2	1	1	1	2	3	1	1	3	0	1	1	0	1	1	2	2	3	2	2	2	1	1	0	3	1	1	0	5	4	6	2	2	3	2	2	7	5	4	3	14	15	13	3	2	3	0	1	1	3	0	0	0	0	2	0	2	3	2	4	3	0	4	1	2	6	3	3
Wildtype:Bacillus subtilis rpoB mutants conferring resistance to rifampin	0	0	0	0	0	0	0	0	0	0	0	0	0	0	0	0	0	0	0	0	0	0	0	0	0	0	0	0	0	0	0	0	0	0	0	0	0	0	0	0	0	0	0	0	0	0	0	0	0	0	0	0	0	0	0	0	0	0	0	0	0	0	0	0	0	0	0	0	0	0	0	0	0	0	0	0	0	0	0	0	0	0	0	0	0	0	0	0	0	0	0	0	0	0	0	0	0	0	0	0	0	0	0	0	0	0	0	0	0	0	0	0	0	0	0	0	0	0	0	0	0	0	1	2	2	0	0	0	1	1	4	4	4	3	18	11	11	9	17	18	5	7	8	8	15	13	4	3	1	2	6	8	19	15	3	3	4	2	20	26	6	8	3	4	20	14	1	1	0	0	3	0	0	0	0	2	2	1	1	0	0	1	0	1	0	0	1	0	1	0	1	0	0	0	0	0	0	1	0	1	1	2	0	0	2	2	0	0	0	0	1	1	1	2	3	4	2	1	2	0	0	0	0	1	0	0	1	0	0	1	0	0	18	18	14	14	7	4	9	6	14	15	9	7
Wildtype:Burkholderia dolosa gyrA conferring resistance to fluoroquinolones	0	0	0	0	0	0	0	0	0	0	0	0	0	0	0	0	0	0	0	0	0	0	0	0	0	0	0	0	0	0	0	0	0	0	0	0	0	0	0	0	0	0	0	0	0	0	0	0	0	0	0	0	0	0	0	0	0	0	0	0	0	0	0	0	0	0	0	0	0	0	0	0	0	0	0	0	0	0	0	0	0	0	0	0	0	0	0	0	0	0	0	0	0	0	0	0	0	0	0	0	0	0	0	0	0	0	0	0	0	0	0	0	0	0	0	0	0	0	0	0	0	0	4	5	20	24	25	26	16	19	8	10	5	10	7	5	15	15	2	1	1	1	3	5	0	0	11	7	4	5	7	1	3	3	4	4	6	5	1	3	18	14	12	8	7	2	5	7	4	4	2	3	5	1	1	0	4	2	2	2	1	2	2	1	3	2	0	2	0	0	5	3	12	12	4	4	1	0	6	4	4	3	0	0	2	1	0	4	0	0	18	10	12	11	17	8	8	5	13	11	2	1	3	6	10	16	0	0	5	3	10	8	15	13	15	3	11	12	3	2	14	13	7	4
Wildtype:Capnocytophaga gingivalis gyrA conferring resistance to fluoroquinolones	0	0	0	0	0	0	0	0	0	0	0	0	0	0	0	0	0	0	0	0	0	0	0	0	0	0	0	0	0	0	0	0	0	0	0	0	0	0	0	0	0	0	0	0	0	0	0	0	0	0	0	0	0	0	0	0	0	0	0	0	0	0	0	0	0	0	0	0	0	0	0	0	0	0	0	0	0	0	0	0	0	0	0	0	0	0	0	0	0	0	0	0	0	0	0	0	0	0	0	0	0	0	0	0	0	0	0	0	0	0	0	0	0	0	0	0	0	0	0	0	0	0	1	1	0	1	0	0	0	0	0	0	0	0	0	0	0	1	0	0	0	0	0	0	0	0	1	1	0	0	0	0	0	0	0	0	0	0	0	0	1	1	0	0	0	0	0	0	1	1	0	0	0	0	0	0	1	1	0	0	0	0	0	0	0	0	0	0	0	0	0	0	0	0	0	0	0	0	0	0	0	0	0	0	0	0	0	0	0	0	3	2	0	0	0	0	0	0	0	1	0	0	0	0	0	0	0	0	0	0	0	0	1	1	0	0	0	1	0	0	0	0	2	0
Wildtype:Clostridioides difficile gyrA conferring resistance to fluoroquinolones	0	0	0	0	0	0	0	0	0	0	0	0	0	0	0	0	0	0	0	0	0	0	0	0	0	0	0	0	0	0	0	0	0	0	0	0	0	0	0	0	0	0	0	0	0	0	0	0	0	0	0	0	0	0	0	0	0	0	0	0	0	0	0	0	0	0	0	0	0	0	0	0	0	0	0	0	0	0	0	0	0	0	0	0	0	0	0	0	0	0	0	0	0	0	0	0	0	0	0	0	0	0	0	0	0	0	0	0	0	0	0	0	0	0	0	0	0	0	0	0	0	0	0	0	0	0	0	1	0	0	0	0	0	0	2	0	1	0	0	0	0	0	0	0	0	0	0	0	0	0	0	0	0	0	0	0	0	0	0	0	0	0	0	0	0	0	0	0	0	0	0	0	0	0	0	0	0	0	0	0	1	1	1	1	0	0	0	0	0	0	1	1	0	0	0	0	0	0	0	0	0	0	0	0	0	0	0	0	0	0	0	0	1	0	0	0	0	0	0	0	1	1	0	0	1	1	0	0	0	0	3	0	0	1	0	0	0	0	0	0	0	0	1	0
Wildtype:Clostridioides difficile rpoB with mutation conferring resistance to rifampicin	0	0	0	0	0	0	0	0	0	0	0	0	0	0	0	0	0	0	0	0	0	0	0	0	0	0	0	0	0	0	0	0	0	0	0	0	0	0	0	0	0	0	0	0	0	0	0	0	0	0	0	0	0	0	0	0	0	0	0	0	0	0	0	0	0	0	0	0	0	0	0	0	0	0	0	0	0	0	0	0	0	0	0	0	0	0	0	0	0	0	0	0	0	0	0	0	0	0	0	0	0	0	0	0	0	0	0	0	0	0	0	0	0	0	0	0	0	0	0	0	0	0	28	27	11	8	3	3	13	9	17	12	22	22	15	17	23	13	1	4	21	27	7	9	9	12	7	13	20	13	7	11	10	6	13	24	22	16	5	8	14	16	12	14	6	6	4	3	8	7	8	7	10	3	16	20	17	17	23	32	18	15	9	10	3	8	5	10	17	27	10	5	16	12	9	5	10	8	27	22	12	11	26	27	5	7	13	9	26	32	28	25	16	22	27	28	22	30	19	16	4	2	2	2	22	14	3	3	2	3	8	4	25	23	19	14	20	19	17	18	26	15	20	14
Wildtype:Erysipelothrix rhusiopathiae gyrA with mutation conferring resistance to enrofloxacin	0	0	0	0	0	0	0	0	0	0	0	0	0	0	0	0	0	0	0	0	0	0	0	0	0	0	0	0	0	0	0	0	0	0	0	0	0	0	0	0	0	0	0	0	0	0	0	0	0	0	0	0	0	0	0	0	0	0	0	0	0	0	0	0	0	0	0	0	0	0	0	0	0	0	0	0	0	0	0	0	0	0	0	0	0	0	0	0	0	0	0	0	0	0	0	0	0	0	0	0	0	0	0	0	0	0	0	0	0	0	0	0	0	0	0	0	0	0	0	0	0	0	0	0	0	0	0	0	0	0	0	0	0	0	0	0	0	0	0	0	1	0	0	0	0	0	0	0	0	0	0	0	0	0	0	0	0	0	0	0	0	0	0	0	0	0	0	0	0	0	0	0	0	0	0	0	0	0	0	0	0	0	0	0	0	1	0	0	0	0	0	1	0	0	0	0	0	0	0	0	0	0	0	0	0	0	1	0	0	0	0	0	0	0	0	0	0	0	0	0	0	0	0	0	0	0	0	0	0	0	0	0	0	0	0	0	0	0	0	0	0	0	0	0
Wildtype:Escherichia coli EF-Tu mutants conferring resistance to Pulvomycin	0	0	0	0	0	0	0	0	0	0	0	0	0	0	0	0	0	0	0	0	0	0	0	0	0	0	0	0	0	0	0	0	0	0	0	0	0	0	0	0	0	0	0	0	0	0	0	0	0	0	0	0	0	0	0	0	0	0	0	0	0	0	0	0	0	0	0	0	0	0	0	0	0	0	0	0	0	0	0	0	0	0	0	0	0	0	0	0	0	0	0	0	0	0	0	0	0	0	0	0	0	0	0	0	0	0	0	0	0	0	0	0	0	0	0	0	0	0	0	0	0	0	1	0	0	1	1	0	1	1	1	3	0	0	0	2	0	0	0	0	0	2	0	0	0	0	0	0	1	1	1	1	0	0	0	0	2	2	0	0	5	3	0	0	0	0	0	2	0	0	2	1	6	0	1	1	1	1	0	0	1	1	1	1	3	2	1	1	1	1	1	1	0	0	0	0	0	0	0	0	0	0	2	2	0	2	0	0	0	0	1	1	3	5	2	2	9	6	3	2	0	3	0	0	1	1	0	0	0	0	2	2	4	6	3	3	5	5	1	2	1	1	0	0
Wildtype:Escherichia coli EF-Tu mutants conferring resistance to kirromycin	0	0	0	0	0	0	0	0	0	0	0	0	0	0	0	0	0	0	0	0	0	0	0	0	0	0	0	0	0	0	0	0	0	0	0	0	0	0	0	0	0	0	0	0	0	0	0	0	0	0	0	0	0	0	0	0	0	0	0	0	0	0	0	0	0	0	0	0	0	0	0	0	0	0	0	0	0	0	0	0	0	0	0	0	0	0	0	0	0	0	0	0	0	0	0	0	0	0	0	0	0	0	0	0	0	0	0	0	0	0	0	0	0	0	0	0	0	0	0	0	0	0	10	5	0	1	2	0	1	0	9	8	1	1	4	3	1	2	0	0	1	0	2	3	3	3	1	1	9	8	1	2	1	1	5	8	1	3	1	0	8	5	1	0	0	0	2	2	3	1	2	2	5	2	2	1	4	5	4	5	2	3	1	0	2	1	0	1	5	3	10	6	7	7	1	0	0	0	8	5	0	1	4	4	5	5	1	0	1	1	5	5	19	16	2	4	16	12	7	10	0	2	3	2	7	9	0	2	8	7	10	5	4	2	2	1	7	3	2	1	1	0	1	0
Wildtype:Escherichia coli GlpT with mutation conferring resistance to fosfomycin	0	0	0	0	0	0	0	0	0	0	0	0	0	0	0	0	0	0	0	0	0	0	0	0	0	0	0	0	0	0	0	0	0	0	0	0	0	0	0	0	0	0	0	0	0	0	0	0	0	0	0	0	0	0	0	0	0	0	0	0	0	0	0	0	0	0	0	0	0	0	0	0	0	0	0	0	0	0	0	0	0	0	0	0	0	0	0	0	0	0	0	0	0	0	0	0	0	0	0	0	0	0	0	0	0	0	0	0	0	0	0	0	0	0	0	0	0	0	0	0	0	0	0	0	0	0	0	0	0	0	0	0	0	0	0	0	0	0	0	0	0	0	0	0	0	0	0	0	0	0	0	0	0	0	0	0	0	0	0	0	0	0	0	0	0	0	0	0	0	0	0	0	0	0	0	0	0	0	0	0	0	0	0	0	0	0	0	0	0	0	0	0	0	0	0	0	0	0	2	1	0	0	0	0	0	0	0	0	0	0	0	0	0	0	0	0	1	0	0	0	0	0	0	0	0	0	0	0	0	0	0	0	0	0	0	0	0	0	0	0	0	0	0	0
Wildtype:Escherichia coli PtsI with mutation conferring resistance to fosfomycin	0	0	0	0	0	0	0	0	0	0	0	0	0	0	0	0	0	0	0	0	0	0	0	0	0	0	0	0	0	0	0	0	0	0	0	0	0	0	0	0	0	0	0	0	0	0	0	0	0	0	0	0	0	0	0	0	0	0	0	0	0	0	0	0	0	0	0	0	0	0	0	0	0	0	0	0	0	0	0	0	0	0	0	0	0	0	0	0	0	0	0	0	0	0	0	0	0	0	0	0	0	0	0	0	0	0	0	0	0	0	0	0	0	0	0	0	0	0	0	0	0	0	0	0	0	0	0	0	0	0	0	0	0	0	0	0	0	0	0	0	0	0	0	0	0	0	0	0	0	0	0	0	0	0	0	0	0	0	0	0	0	0	0	0	0	0	0	0	0	0	0	0	0	1	0	0	0	0	0	0	0	0	0	0	0	0	0	0	0	0	0	0	0	0	0	0	0	0	1	1	0	0	0	0	0	0	0	0	0	0	0	0	0	0	0	0	0	0	0	0	0	0	0	0	0	0	0	0	0	0	0	0	0	0	0	0	0	0	0	0	0	0	0	0
Wildtype:Escherichia coli fabG mutations conferring resistance to triclosan	0	0	0	0	0	0	0	0	0	0	0	0	0	0	0	0	0	0	0	0	0	0	0	0	0	0	0	0	0	0	0	0	0	0	0	0	0	0	0	0	0	0	0	0	0	0	0	0	0	0	0	0	0	0	0	0	0	0	0	0	0	0	0	0	0	0	0	0	0	0	0	0	0	0	0	0	0	0	0	0	0	0	0	0	0	0	0	0	0	0	0	0	0	0	0	0	0	0	0	0	0	0	0	0	0	0	0	0	0	0	0	0	0	0	0	0	0	0	0	0	0	0	0	0	0	0	0	0	0	0	0	0	0	0	0	0	0	0	0	0	0	0	0	0	0	0	0	0	0	0	0	0	0	0	0	0	0	0	0	0	0	0	0	0	0	0	0	0	0	0	0	0	0	0	0	0	0	0	0	0	0	0	0	0	0	0	0	0	0	0	0	0	0	0	0	0	0	0	0	0	0	0	0	0	0	0	0	0	0	0	0	0	0	0	0	0	1	0	0	0	0	0	0	0	0	0	0	0	0	0	0	0	0	0	0	0	0	0	0	0	0	0	0	0
Wildtype:Escherichia coli fabI mutations conferring resistance to isoniazid and triclosan	0	0	0	0	0	0	0	0	0	0	0	0	0	0	0	0	0	0	0	0	0	0	0	0	0	0	0	0	0	0	0	0	0	0	0	0	0	0	0	0	0	0	0	0	0	0	0	0	0	0	0	0	0	0	0	0	0	0	0	0	0	0	0	0	0	0	0	0	0	0	0	0	0	0	0	0	0	0	0	0	0	0	0	0	0	0	0	0	0	0	0	0	0	0	0	0	0	0	0	0	0	0	0	0	0	0	0	0	0	0	0	0	0	0	0	0	0	0	0	0	0	0	0	0	0	0	0	0	0	0	0	0	0	0	0	0	0	0	0	0	0	0	0	0	0	0	0	0	0	0	0	0	0	0	0	0	0	0	0	0	0	0	0	0	0	0	0	0	0	0	0	0	0	0	0	1	0	0	0	0	0	0	0	0	0	2	0	0	0	0	0	0	0	0	1	2	0	0	0	2	0	1	0	0	0	0	2	3	0	0	0	0	0	0	0	0	2	0	0	0	0	0	0	0	0	0	0	0	0	0	1	1	0	0	0	0	0	0	0	0	0	0	0	0
Wildtype:Escherichia coli gyrA conferring resistance to fluoroquinolones	0	0	0	0	0	0	0	0	0	0	0	0	0	0	0	0	0	0	0	0	0	0	0	0	0	0	0	0	0	0	0	0	0	0	0	0	0	0	0	0	0	0	0	0	0	0	0	0	0	0	0	0	0	0	0	0	0	0	0	0	0	0	0	0	0	0	0	0	0	0	0	0	0	0	0	0	0	0	0	0	0	0	0	0	0	0	0	0	0	0	0	0	0	0	0	0	0	0	0	0	0	0	0	0	0	0	0	0	0	0	0	0	0	0	0	0	0	0	0	0	0	0	1	1	17	18	22	22	10	22	1	2	0	0	0	0	0	1	0	0	0	0	1	1	0	0	0	0	1	2	0	0	0	0	0	1	0	0	0	0	2	1	0	1	0	0	8	7	3	4	1	0	2	3	0	0	1	1	2	1	0	0	0	0	2	2	0	0	0	0	4	3	1	0	0	0	1	0	2	0	1	0	0	0	0	0	1	0	0	0	11	6	1	3	8	9	15	14	0	0	1	1	0	0	0	1	0	0	1	0	0	2	5	5	2	0	3	3	0	0	2	2	0	0
Wildtype:Escherichia coli murA with mutation conferring resistance to fosfomycin	0	0	0	0	0	0	0	0	0	0	0	0	0	0	0	0	0	0	0	0	0	0	0	0	0	0	0	0	0	0	0	0	0	0	0	0	0	0	0	0	0	0	0	0	0	0	0	0	0	0	0	0	0	0	0	0	0	0	0	0	0	0	0	0	0	0	0	0	0	0	0	0	0	0	0	0	0	0	0	0	0	0	0	0	0	0	0	0	0	0	0	0	0	0	0	0	0	0	0	0	0	0	0	0	0	0	0	0	0	0	0	0	0	0	0	0	0	0	0	0	0	0	0	0	0	0	0	0	0	0	0	0	0	0	0	0	0	0	0	0	0	0	0	0	0	0	0	0	0	0	0	0	0	0	0	0	0	0	0	0	0	0	0	0	0	0	0	0	0	0	0	0	0	0	2	2	0	0	0	0	0	0	0	0	0	0	0	0	0	0	0	0	0	0	0	0	0	0	0	0	0	0	0	0	0	0	0	0	0	0	0	0	0	0	0	0	0	0	0	0	0	0	0	0	1	0	0	0	0	0	0	0	0	0	0	0	0	0	0	0	0	0	0	0
Wildtype:Escherichia coli nfsA mutations conferring resistance to nitrofurantoin	0	0	0	0	0	0	0	0	0	0	0	0	0	0	0	0	0	0	0	0	0	0	0	0	0	0	0	0	0	0	0	0	0	0	0	0	0	0	0	0	0	0	0	0	0	0	0	0	0	0	0	0	0	0	0	0	0	0	0	0	0	0	0	0	0	0	0	0	0	0	0	0	0	0	0	0	0	0	0	0	0	0	0	0	0	0	0	0	0	0	0	0	0	0	0	0	0	0	0	0	0	0	0	0	0	0	0	0	0	0	0	0	0	0	0	0	0	0	0	0	0	0	0	0	0	0	0	0	0	0	0	0	0	0	0	0	0	0	0	0	0	0	0	0	0	0	0	0	0	0	0	0	0	0	0	0	0	0	0	0	0	0	0	0	0	0	0	0	0	0	0	0	0	0	0	0	0	0	0	0	0	0	0	0	0	0	0	0	0	0	0	0	0	0	0	0	0	0	0	0	0	0	0	0	0	0	0	0	0	0	0	0	0	0	0	0	0	1	0	0	0	0	0	0	0	0	0	0	0	0	0	0	0	0	0	0	0	0	0	0	0	0	0	0
Wildtype:Escherichia coli parC conferring resistance to fluoroquinolones	0	0	0	0	0	0	0	0	0	0	0	0	0	0	0	0	0	0	0	0	0	0	0	0	0	0	0	0	0	0	0	0	0	0	0	0	0	0	0	0	0	0	0	0	0	0	0	0	0	0	0	0	0	0	0	0	0	0	0	0	0	0	0	0	0	0	0	0	0	0	0	0	0	0	0	0	0	0	0	0	0	0	0	0	0	0	0	0	0	0	0	0	0	0	0	0	0	0	0	0	0	0	0	0	0	0	0	0	0	0	0	0	0	0	0	0	0	0	0	0	0	0	1	0	0	0	0	1	2	0	1	2	1	1	0	1	2	0	0	0	0	1	0	0	1	1	0	0	3	0	0	0	0	1	2	1	3	1	0	0	1	0	2	1	2	0	0	0	0	1	0	0	3	4	0	0	0	0	3	3	0	1	0	0	0	1	0	0	0	0	0	0	0	0	0	0	1	0	0	0	1	1	0	0	1	0	0	0	0	0	0	1	1	1	1	0	13	12	2	1	0	0	0	0	1	0	0	0	0	0	0	0	0	0	0	0	1	0	1	0	0	3	1	0
Wildtype:Escherichia coli parE conferring resistance to fluoroquinolones	0	0	0	0	0	0	0	0	0	0	0	0	0	0	0	0	0	0	0	0	0	0	0	0	0	0	0	0	0	0	0	0	0	0	0	0	0	0	0	0	0	0	0	0	0	0	0	0	0	0	0	0	0	0	0	0	0	0	0	0	0	0	0	0	0	0	0	0	0	0	0	0	0	0	0	0	0	0	0	0	0	0	0	0	0	0	0	0	0	0	0	0	0	0	0	0	0	0	0	0	0	0	0	0	0	0	0	0	0	0	0	0	0	0	0	0	0	0	0	0	0	0	0	0	0	0	0	0	0	0	0	0	0	0	0	0	0	0	0	0	0	0	0	0	0	0	0	0	0	0	0	0	0	0	0	0	0	0	0	0	0	0	0	0	0	0	0	0	0	0	0	0	0	0	0	0	0	0	0	0	0	0	0	0	0	0	0	0	0	0	0	0	0	0	0	0	0	0	0	0	0	0	0	0	0	0	0	0	0	0	0	0	0	0	0	0	3	2	0	0	0	0	0	0	0	0	0	0	0	0	0	0	0	0	0	0	0	0	0	0	0	0	0	0
Wildtype:Escherichia coli rpoB mutants conferring resistance to rifampicin	0	0	0	0	0	0	0	0	0	0	0	0	0	0	0	0	0	0	0	0	0	0	0	0	0	0	0	0	0	0	0	0	0	0	0	0	0	0	0	0	0	0	0	0	0	0	0	0	0	0	0	0	0	0	0	0	0	0	0	0	0	0	0	0	0	0	0	0	0	0	0	0	0	0	0	0	0	0	0	0	0	0	0	0	0	0	0	0	0	0	0	0	0	0	0	0	0	0	0	0	0	0	0	0	0	0	0	0	0	0	0	0	0	0	0	0	0	0	0	0	0	0	49	36	75	78	68	66	75	87	24	34	27	20	6	12	35	29	6	8	42	21	18	11	5	4	13	16	40	43	18	16	8	1	24	16	12	12	9	3	29	38	30	22	12	3	13	13	20	23	21	21	21	24	13	13	18	13	9	8	18	10	19	15	15	16	16	8	9	8	43	36	31	35	11	11	7	7	23	25	14	19	9	6	22	23	16	22	12	10	56	46	61	60	56	44	102	96	54	33	9	11	10	10	34	34	7	7	9	8	32	20	44	51	42	31	39	38	20	13	39	32	11	20
Wildtype:Haemophilus parainfluenzae parC conferring resistance to fluoroquinolones	0	0	0	0	0	0	0	0	0	0	0	0	0	0	0	0	0	0	0	0	0	0	0	0	0	0	0	0	0	0	0	0	0	0	0	0	0	0	0	0	0	0	0	0	0	0	0	0	0	0	0	0	0	0	0	0	0	0	0	0	0	0	0	0	0	0	0	0	0	0	0	0	0	0	0	0	0	0	0	0	0	0	0	0	0	0	0	0	0	0	0	0	0	0	0	0	0	0	0	0	0	0	0	0	0	0	0	0	0	0	0	0	0	0	0	0	0	0	0	0	0	0	3	2	0	2	1	2	2	0	2	3	0	0	0	0	1	1	0	0	0	0	1	0	0	0	0	0	7	2	1	0	0	0	0	0	0	0	0	0	0	0	1	0	0	0	0	0	0	0	0	0	3	2	0	0	0	0	0	0	0	0	1	0	0	0	0	0	0	0	2	3	1	1	0	0	0	0	0	1	0	0	0	0	1	0	1	1	0	0	1	1	2	3	1	2	12	12	3	3	0	0	1	0	2	1	0	0	0	0	2	0	1	0	5	3	4	5	1	1	6	2	0	0
Wildtype:Helicobacter pylori gyrA conferring resistance to fluoroquinolones	0	0	0	0	0	0	0	0	0	0	0	0	0	0	0	0	0	0	0	0	0	0	0	0	0	0	0	0	0	0	0	0	0	0	0	0	0	0	0	0	0	0	0	0	0	0	0	0	0	0	0	0	0	0	0	0	0	0	0	0	0	0	0	0	0	0	0	0	0	0	0	0	0	0	0	0	0	0	0	0	0	0	0	0	0	0	0	0	0	0	0	0	0	0	0	0	0	0	0	0	0	0	0	0	0	0	0	0	0	0	0	0	0	0	0	0	0	0	0	0	0	0	0	0	0	0	0	0	0	0	0	0	0	0	0	0	0	0	0	0	1	1	0	0	0	0	0	0	0	0	0	0	0	0	1	1	0	0	0	0	0	0	0	0	0	0	0	0	0	0	0	0	0	0	0	0	0	0	0	0	0	0	0	0	0	0	0	0	0	0	0	0	0	0	0	0	0	0	0	0	0	0	0	0	0	0	0	0	0	0	0	0	0	0	0	0	0	0	0	0	0	0	0	0	0	0	0	0	0	0	0	0	0	0	0	1	0	0	0	0	0	0	0	0
Wildtype:Helicobacter pylori rpoB mutation conferring resistance to rifampicin	0	0	0	0	0	0	0	0	0	0	0	0	0	0	0	0	0	0	0	0	0	0	0	0	0	0	0	0	0	0	0	0	0	0	0	0	0	0	0	0	0	0	0	0	0	0	0	0	0	0	0	0	0	0	0	0	0	0	0	0	0	0	0	0	0	0	0	0	0	0	0	0	0	0	0	0	0	0	0	0	0	0	0	0	0	0	0	0	0	0	0	0	0	0	0	0	0	0	0	0	0	0	0	0	0	0	0	0	0	0	0	0	0	0	0	0	0	0	0	0	0	0	0	0	2	2	0	0	0	0	2	2	0	0	3	2	2	1	0	0	2	2	0	1	1	1	0	0	1	1	3	3	1	1	0	0	0	0	0	0	0	0	0	1	1	1	0	0	0	0	0	0	0	0	0	0	0	0	0	0	1	1	0	0	3	3	2	2	0	0	1	1	0	0	0	0	0	0	0	0	3	3	0	0	0	0	0	0	0	0	0	1	0	0	0	0	0	0	0	0	0	0	0	0	0	0	0	0	0	0	0	0	1	1	0	0	0	0	1	0	0	1	0	0
Wildtype:Klebsiella pneumoniae PBP3 mutants conferring resistance to ceftazidime-avibactam	0	0	0	0	0	0	0	0	0	0	0	0	0	0	0	0	0	0	0	0	0	0	0	0	0	0	0	0	0	0	0	0	0	0	0	0	0	0	0	0	0	0	0	0	0	0	0	0	0	0	0	0	0	0	0	0	0	0	0	0	0	0	0	0	0	0	0	0	0	0	0	0	0	0	0	0	0	0	0	0	0	0	0	0	0	0	0	0	0	0	0	0	0	0	0	0	0	0	0	0	0	0	0	0	0	0	0	0	0	0	0	0	0	0	0	0	0	0	0	0	0	0	0	0	0	0	0	0	0	0	0	0	0	0	0	0	0	0	0	0	0	0	0	0	0	0	0	0	0	0	0	0	0	0	0	0	0	0	0	0	0	0	0	0	0	0	0	0	0	0	0	0	0	0	0	0	0	0	0	0	0	0	0	0	0	0	0	0	0	0	0	0	0	0	0	0	0	0	0	0	0	0	0	0	0	0	0	0	0	0	0	0	0	0	0	0	0	1	0	0	0	0	0	0	0	0	0	0	0	0	0	0	0	0	0	0	0	0	0	0	0	0	0	0
Wildtype:LpxA	0	0	0	0	0	0	0	0	0	0	0	0	0	0	0	0	0	0	0	0	0	0	0	0	0	0	0	0	0	0	0	0	0	0	0	0	0	0	0	0	0	0	0	0	0	0	0	0	0	0	0	0	0	0	0	0	0	0	0	0	0	0	0	0	0	0	0	0	0	0	0	0	0	0	0	0	0	0	0	0	0	0	0	0	0	0	0	0	0	0	0	0	0	0	0	0	0	0	0	0	0	0	0	0	0	0	0	0	0	0	0	0	0	0	0	0	0	0	0	0	0	0	0	0	0	0	0	0	0	0	0	0	0	0	0	0	0	0	0	0	0	0	0	0	0	0	0	0	0	0	0	0	0	0	0	0	0	0	0	0	0	0	0	0	0	0	0	0	0	0	0	0	0	0	0	0	0	0	0	0	0	0	0	0	0	0	0	0	0	0	0	0	0	0	0	0	0	0	0	0	0	0	0	0	0	0	0	0	0	0	0	0	0	0	1	1	3	4	0	0	0	0	0	0	0	0	0	0	0	0	0	0	0	0	0	0	0	0	0	0	0	0	0	0
Wildtype:Morganella morganii gyrB conferring resistance to fluoroquinolones	0	0	0	0	0	0	0	0	0	0	0	0	0	0	0	0	0	0	0	0	0	0	0	0	0	0	0	0	0	0	0	0	0	0	0	0	0	0	0	0	0	0	0	0	0	0	0	0	0	0	0	0	0	0	0	0	0	0	0	0	0	0	0	0	0	0	0	0	0	0	0	0	0	0	0	0	0	0	0	0	0	0	0	0	0	0	0	0	0	0	0	0	0	0	0	0	0	0	0	0	0	0	0	0	0	0	0	0	0	0	0	0	0	0	0	0	0	0	0	0	0	0	4	2	0	0	0	0	0	0	0	0	0	0	0	0	0	0	0	0	0	2	0	0	0	1	0	0	0	0	0	0	0	0	0	0	0	0	0	0	0	0	0	0	2	0	0	0	0	0	0	0	2	0	0	0	0	0	0	0	0	0	0	0	0	0	0	0	0	0	0	0	0	0	0	0	0	0	0	0	0	0	0	0	0	0	1	0	0	0	0	0	1	1	0	0	4	2	0	0	0	0	0	0	0	0	0	0	0	0	0	0	0	0	0	0	0	0	0	0	1	0	1	1
Wildtype:Mycobacterium abscessus atpE with mutation conferring resistance to bedaquiline	0	0	0	0	0	0	0	0	0	0	0	0	0	0	0	0	0	0	0	0	0	0	0	0	0	0	0	0	0	0	0	0	0	0	0	0	0	0	0	0	0	0	0	0	0	0	0	0	0	0	0	0	0	0	0	0	0	0	0	0	0	0	0	0	0	0	0	0	0	0	0	0	0	0	0	0	0	0	0	0	0	0	0	0	0	0	0	0	0	0	0	0	0	0	0	0	0	0	0	0	0	0	0	0	0	0	0	0	0	0	0	0	0	0	0	0	0	0	0	0	0	0	0	0	0	0	0	0	1	0	0	0	0	0	2	0	0	0	0	0	0	0	0	0	0	0	0	0	0	0	0	0	0	0	0	0	0	0	0	0	0	0	0	0	0	0	0	0	0	0	0	0	0	0	0	0	0	0	0	0	0	0	0	0	0	0	0	0	0	0	0	0	0	0	0	1	0	0	0	0	0	0	0	0	0	0	0	0	0	0	0	0	0	0	0	0	0	0	0	0	0	0	0	0	0	0	0	0	0	0	0	0	3	1	0	1	1	0	1	0	0	0	0	0
Wildtype:Mycobacterium avium gyrA with mutation conferring resistance to fluoroquinolone	0	0	0	0	0	0	0	0	0	0	0	0	0	0	0	0	0	0	0	0	0	0	0	0	0	0	0	0	0	0	0	0	0	0	0	0	0	0	0	0	0	0	0	0	0	0	0	0	0	0	0	0	0	0	0	0	0	0	0	0	0	0	0	0	0	0	0	0	0	0	0	0	0	0	0	0	0	0	0	0	0	0	0	0	0	0	0	0	0	0	0	0	0	0	0	0	0	0	0	0	0	0	0	0	0	0	0	0	0	0	0	0	0	0	0	0	0	0	0	0	0	0	0	0	0	0	0	0	0	0	0	0	0	0	0	0	0	0	0	0	0	0	0	0	0	0	0	0	0	0	0	0	0	0	0	0	0	0	0	0	1	0	0	0	0	0	0	0	0	0	0	0	0	0	0	0	0	0	0	0	1	0	0	0	0	0	0	0	0	0	0	0	0	0	0	0	0	0	0	0	0	0	0	0	0	0	0	0	0	0	0	0	0	0	0	0	0	0	0	0	0	0	0	0	0	0	0	0	0	0	0	0	0	0	0	0	0	0	0	0	0	1	0	0
Wildtype:Mycobacterium leprae gyrB conferring resistance to fluoroquinolones	0	0	0	0	0	0	0	0	0	0	0	0	0	0	0	0	0	0	0	0	0	0	0	0	0	0	0	0	0	0	0	0	0	0	0	0	0	0	0	0	0	0	0	0	0	0	0	0	0	0	0	0	0	0	0	0	0	0	0	0	0	0	0	0	0	0	0	0	0	0	0	0	0	0	0	0	0	0	0	0	0	0	0	0	0	0	0	0	0	0	0	0	0	0	0	0	0	0	0	0	0	0	0	0	0	0	0	0	0	0	0	0	0	0	0	0	0	0	0	0	0	0	0	0	2	1	5	1	1	0	0	0	0	0	0	0	0	0	0	0	0	0	0	2	0	0	0	0	0	0	0	0	0	0	0	0	0	0	0	0	0	0	0	0	0	0	1	0	0	0	0	0	0	0	0	2	0	0	0	0	0	0	0	0	0	0	0	0	0	0	0	0	0	0	0	0	0	0	0	0	0	0	0	0	0	0	0	0	0	0	0	0	0	0	0	0	0	0	0	0	0	0	0	0	0	0	0	0	0	0	0	0	0	0	0	0	0	0	1	0	0	1	2	1
Wildtype:Mycobacterium leprae rpoB mutations conferring resistance to rifampicin	0	0	0	0	0	0	0	0	0	0	0	0	0	0	0	0	0	0	0	0	0	0	0	0	0	0	0	0	0	0	0	0	0	0	0	0	0	0	0	0	0	0	0	0	0	0	0	0	0	0	0	0	0	0	0	0	0	0	0	0	0	0	0	0	0	0	0	0	0	0	0	0	0	0	0	0	0	0	0	0	0	0	0	0	0	0	0	0	0	0	0	0	0	0	0	0	0	0	0	0	0	0	0	0	0	0	0	0	0	0	0	0	0	0	0	0	0	0	0	0	0	0	0	0	0	2	0	0	0	0	0	0	1	0	0	0	0	0	0	0	0	1	1	1	0	0	0	0	0	0	0	0	0	0	0	0	0	0	0	0	0	0	0	0	0	0	0	0	0	0	0	0	0	0	0	1	0	0	0	0	1	0	0	0	0	0	0	0	0	0	0	0	0	0	0	0	0	0	0	0	0	1	0	0	0	0	0	0	0	0	0	0	0	0	0	1	0	0	0	0	0	0	0	0	0	0	0	0	0	0	0	1	0	1	0	0	0	0	0	0	1	1	1	1
Wildtype:Mycobacterium tuberculosis Rv3169 mutations confer resistance to pyrazinamide	0	0	0	0	0	0	0	0	0	0	0	0	0	0	0	0	0	0	0	0	0	0	0	0	0	0	0	0	0	0	0	0	0	0	0	0	0	0	0	0	0	0	0	0	0	0	0	0	0	0	0	0	0	0	0	0	0	0	0	0	0	0	0	0	0	0	0	0	0	0	0	0	0	0	0	0	0	0	0	0	0	0	0	0	0	0	0	0	0	0	0	0	0	0	0	0	0	0	0	0	0	0	0	0	0	0	0	0	0	0	0	0	0	0	0	0	0	0	0	0	0	0	0	0	0	0	0	0	0	0	0	0	0	0	0	0	0	0	0	0	0	0	0	0	0	0	0	0	0	0	0	0	0	0	0	0	0	0	0	0	0	0	0	0	0	0	0	0	0	0	0	0	0	0	0	0	0	0	0	0	0	0	0	0	0	0	0	0	0	0	0	0	0	0	0	0	0	0	0	0	0	0	0	0	0	0	0	0	0	0	0	0	0	0	0	0	1	0	0	0	0	0	0	0	0	0	0	0	0	0	0	0	0	0	0	0	0	0	0	0	0	0	0	0
Wildtype:Mycobacterium tuberculosis atpE with mutation conferring resistance to bedaquiline	0	0	0	0	0	0	0	0	0	0	0	0	0	0	0	0	0	0	0	0	0	0	0	0	0	0	0	0	0	0	0	0	0	0	0	0	0	0	0	0	0	0	0	0	0	0	0	0	0	0	0	0	0	0	0	0	0	0	0	0	0	0	0	0	0	0	0	0	0	0	0	0	0	0	0	0	0	0	0	0	0	0	0	0	0	0	0	0	0	0	0	0	0	0	0	0	0	0	0	0	0	0	0	0	0	0	0	0	0	0	0	0	0	0	0	0	0	0	0	0	0	0	0	0	0	0	0	0	0	0	0	0	0	0	0	0	0	0	0	0	0	0	0	0	0	0	0	0	0	0	0	0	0	0	0	0	0	0	0	0	0	0	0	0	0	0	0	0	0	0	0	0	0	0	0	0	0	0	0	0	0	1	0	0	0	0	0	0	0	0	0	0	0	0	0	0	0	0	0	0	0	0	0	0	0	0	0	0	0	0	0	0	0	0	0	0	0	0	0	0	0	0	0	0	0	0	0	0	0	0	0	0	1	0	0	0	0	0	0	2	0	0	0	0
Wildtype:Mycobacterium tuberculosis clpC1 with mutation conferring resistance to pyrazinamide	0	0	0	0	0	0	0	0	0	0	0	0	0	0	0	0	0	0	0	0	0	0	0	0	0	0	0	0	0	0	0	0	0	0	0	0	0	0	0	0	0	0	0	0	0	0	0	0	0	0	0	0	0	0	0	0	0	0	0	0	0	0	0	0	0	0	0	0	0	0	0	0	0	0	0	0	0	0	0	0	0	0	0	0	0	0	0	0	0	0	0	0	0	0	0	0	0	0	0	0	0	0	0	0	0	0	0	0	0	0	0	0	0	0	0	0	0	0	0	0	0	0	0	0	2	2	4	3	5	2	0	0	3	3	1	2	2	1	0	0	2	1	0	0	0	0	2	0	0	0	2	2	0	0	0	1	0	0	0	0	0	1	1	1	0	0	0	0	2	0	0	0	5	2	1	0	0	1	0	0	2	2	5	1	0	0	2	2	0	0	0	1	0	0	3	1	2	0	1	1	1	0	0	0	1	0	3	0	0	0	4	1	0	0	3	4	0	0	3	2	0	0	0	0	0	1	1	0	0	0	1	1	1	1	1	1	4	0	4	4	1	1	0	2
Wildtype:Mycobacterium tuberculosis embB mutant conferring resistance to ethambutol	0	0	0	0	0	0	0	0	0	0	0	0	0	0	0	0	0	0	0	0	0	0	0	0	0	0	0	0	0	0	0	0	0	0	0	0	0	0	0	0	0	0	0	0	0	0	0	0	0	0	0	0	0	0	0	0	0	0	0	0	0	0	0	0	0	0	0	0	0	0	0	0	0	0	0	0	0	0	0	0	0	0	0	0	0	0	0	0	0	0	0	0	0	0	0	0	0	0	0	0	0	0	0	0	0	0	0	0	0	0	0	0	0	0	0	0	0	0	0	0	0	0	0	0	0	0	0	0	0	0	0	0	0	0	0	0	0	0	0	0	0	0	0	0	0	0	0	0	0	0	0	0	0	0	0	0	0	0	0	0	0	0	0	0	0	0	0	0	0	0	0	0	0	0	0	0	0	0	0	0	0	1	1	1	0	0	0	0	0	0	0	0	0	0	0	0	0	0	0	0	0	0	0	0	0	0	0	0	0	0	0	0	0	0	0	0	0	0	0	0	0	0	0	0	0	0	1	0	0	0	0	0	0	0	0	0	0	0	0	0	0	1	0	0
Wildtype:Mycobacterium tuberculosis embC mutant conferring resistance to ethambutol	0	0	0	0	0	0	0	0	0	0	0	0	0	0	0	0	0	0	0	0	0	0	0	0	0	0	0	0	0	0	0	0	0	0	0	0	0	0	0	0	0	0	0	0	0	0	0	0	0	0	0	0	0	0	0	0	0	0	0	0	0	0	0	0	0	0	0	0	0	0	0	0	0	0	0	0	0	0	0	0	0	0	0	0	0	0	0	0	0	0	0	0	0	0	0	0	0	0	0	0	0	0	0	0	0	0	0	0	0	0	0	0	0	0	0	0	0	0	0	0	0	0	0	0	0	0	4	3	2	3	0	0	0	0	3	0	2	1	0	0	0	0	1	1	0	0	2	0	0	0	2	0	0	0	0	0	0	0	0	0	0	0	0	0	0	0	0	0	0	0	0	0	0	0	0	0	0	0	0	0	0	0	0	0	0	0	0	0	0	0	0	0	0	0	0	0	0	0	1	0	0	0	0	0	0	0	0	0	0	0	0	0	2	2	0	0	0	0	0	0	0	0	0	0	0	0	0	0	0	0	0	0	0	0	0	0	0	0	0	0	0	0	1	1
Wildtype:Mycobacterium tuberculosis ethA mutations conferring resistance to isoniazid	0	0	0	0	0	0	0	0	0	0	0	0	0	0	0	0	0	0	0	0	0	0	0	0	0	0	0	0	0	0	0	0	0	0	0	0	0	0	0	0	0	0	0	0	0	0	0	0	0	0	0	0	0	0	0	0	0	0	0	0	0	0	0	0	0	0	0	0	0	0	0	0	0	0	0	0	0	0	0	0	0	0	0	0	0	0	0	0	0	0	0	0	0	0	0	0	0	0	0	0	0	0	0	0	0	0	0	0	0	0	0	0	0	0	0	0	0	0	0	0	0	0	0	0	0	0	0	0	0	0	0	0	0	0	0	0	0	0	0	0	0	0	0	0	0	0	0	0	2	0	0	0	0	0	0	0	0	0	0	0	0	0	0	0	0	0	0	0	0	0	0	0	0	0	0	0	0	0	0	0	0	0	0	0	0	0	0	0	0	0	0	0	0	0	0	0	0	0	0	0	0	0	0	0	0	0	0	0	0	0	1	0	2	0	0	0	0	0	0	0	0	0	0	0	0	0	0	0	0	0	0	0	0	0	0	0	0	0	0	0	0	0	0	0
Wildtype:Mycobacterium tuberculosis ethA with mutation conferring resistance to ethionamide	0	0	0	0	0	0	0	0	0	0	0	0	0	0	0	0	0	0	0	0	0	0	0	0	0	0	0	0	0	0	0	0	0	0	0	0	0	0	0	0	0	0	0	0	0	0	0	0	0	0	0	0	0	0	0	0	0	0	0	0	0	0	0	0	0	0	0	0	0	0	0	0	0	0	0	0	0	0	0	0	0	0	0	0	0	0	0	0	0	0	0	0	0	0	0	0	0	0	0	0	0	0	0	0	0	0	0	0	0	0	0	0	0	0	0	0	0	0	0	0	0	0	0	1	0	0	0	0	0	0	0	0	0	0	0	0	0	0	0	0	0	0	0	0	0	0	0	0	0	0	1	1	0	0	0	0	0	0	0	0	0	0	0	0	0	0	0	0	0	0	0	0	0	0	0	0	0	0	0	0	0	0	0	0	0	0	0	0	0	0	0	0	0	0	0	0	0	0	0	0	0	0	0	0	0	0	0	0	0	0	0	0	0	0	0	0	0	0	0	0	0	0	0	0	0	0	0	0	0	0	4	4	0	0	0	0	0	0	0	0	0	0	0	0
Wildtype:Mycobacterium tuberculosis gyrA conferring resistance to fluoroquinolones	0	0	0	0	0	0	0	0	0	0	0	0	0	0	0	0	0	0	0	0	0	0	0	0	0	0	0	0	0	0	0	0	0	0	0	0	0	0	0	0	0	0	0	0	0	0	0	0	0	0	0	0	0	0	0	0	0	0	0	0	0	0	0	0	0	0	0	0	0	0	0	0	0	0	0	0	0	0	0	0	0	0	0	0	0	0	0	0	0	0	0	0	0	0	0	0	0	0	0	0	0	0	0	0	0	0	0	0	0	0	0	0	0	0	0	0	0	0	0	0	0	0	0	0	1	0	1	1	1	2	0	0	2	2	0	0	0	0	0	0	0	0	0	0	0	0	0	0	0	0	0	0	0	0	0	1	0	0	0	0	0	0	0	0	0	0	0	0	0	0	0	0	0	1	0	0	1	1	0	0	0	1	0	0	0	0	1	1	0	0	0	0	0	0	0	0	0	0	0	0	0	0	0	0	0	0	0	0	0	0	0	0	0	0	0	0	0	0	0	0	0	0	0	0	0	0	0	0	0	0	0	0	0	1	0	0	1	0	1	0	0	0	1	0
Wildtype:Mycobacterium tuberculosis gyrB mutant conferring resistance to fluoroquinolones	0	0	0	0	0	0	0	0	0	0	0	0	0	0	0	0	0	0	0	0	0	0	0	0	0	0	0	0	0	0	0	0	0	0	0	0	0	0	0	0	0	0	0	0	0	0	0	0	0	0	0	0	0	0	0	0	0	0	0	0	0	0	0	0	0	0	0	0	0	0	0	0	0	0	0	0	0	0	0	0	0	0	0	0	0	0	0	0	0	0	0	0	0	0	0	0	0	0	0	0	0	0	0	0	0	0	0	0	0	0	0	0	0	0	0	0	0	0	0	0	0	0	0	0	0	0	0	0	0	0	0	0	1	2	0	0	0	0	0	0	0	0	2	0	0	0	0	0	0	0	0	0	0	0	0	0	0	0	0	0	0	0	0	0	0	0	0	1	0	1	0	0	0	0	0	1	0	0	0	0	0	0	0	0	0	0	0	0	0	0	0	0	0	0	0	0	0	0	0	0	0	1	0	0	0	0	0	0	0	0	1	0	0	0	0	0	0	0	0	0	0	0	0	0	0	0	0	0	0	0	0	0	0	0	1	0	2	1	0	0	1	1	0	0
Wildtype:Mycobacterium tuberculosis inhA mutations conferring resistance to isoniazid	0	0	0	0	0	0	0	0	0	0	0	0	0	0	0	0	0	0	0	0	0	0	0	0	0	0	0	0	0	0	0	0	0	0	0	0	0	0	0	0	0	0	0	0	0	0	0	0	0	0	0	0	0	0	0	0	0	0	0	0	0	0	0	0	0	0	0	0	0	0	0	0	0	0	0	0	0	0	0	0	0	0	0	0	0	0	0	0	0	0	0	0	0	0	0	0	0	0	0	0	0	0	0	0	0	0	0	0	0	0	0	0	0	0	0	0	0	0	0	0	0	0	0	0	0	0	1	0	0	0	0	0	0	0	1	0	1	1	0	0	0	0	0	0	0	0	0	0	0	0	0	0	0	0	0	0	0	0	0	0	0	0	0	1	0	0	0	0	0	0	0	0	0	0	0	0	0	0	0	0	0	0	0	0	0	0	0	0	0	0	0	0	0	0	0	0	0	0	0	0	0	0	0	0	1	0	0	0	0	0	0	0	0	0	0	0	0	0	0	0	0	0	0	0	0	0	0	0	0	0	0	0	0	0	0	0	0	1	0	0	0	0	0	0
Wildtype:Mycobacterium tuberculosis intrinsic murA conferring resistance to fosfomycin	0	0	0	0	0	0	0	0	0	0	0	0	0	0	0	0	0	0	0	0	0	0	0	0	0	0	0	0	0	0	0	0	0	0	0	0	0	0	0	0	0	0	0	0	0	0	0	0	0	0	0	0	0	0	0	0	0	0	0	0	0	0	0	0	0	0	0	0	0	0	0	0	0	0	0	0	0	0	0	0	0	0	0	0	0	0	0	0	0	0	0	0	0	0	0	0	0	0	0	0	0	0	0	0	0	0	0	0	0	0	0	0	0	0	0	0	0	0	0	0	0	0	0	0	0	0	0	0	0	0	0	0	0	1	0	0	0	0	0	0	0	0	0	0	0	0	0	0	0	0	0	0	0	0	0	0	0	0	0	0	0	0	0	0	0	0	0	0	0	0	0	0	0	0	0	0	0	0	0	0	0	0	0	0	0	0	0	0	0	0	0	0	0	0	0	0	0	0	0	0	0	0	0	0	0	0	0	0	0	0	0	0	0	0	0	0	0	0	0	0	0	0	0	0	0	0	0	0	0	0	0	0	0	0	0	0	0	0	0	0	1	0	0	1
Wildtype:Mycobacterium tuberculosis kasA mutant conferring resistance to isoniazid	0	0	0	0	0	0	0	0	0	0	0	0	0	0	0	0	0	0	0	0	0	0	0	0	0	0	0	0	0	0	0	0	0	0	0	0	0	0	0	0	0	0	0	0	0	0	0	0	0	0	0	0	0	0	0	0	0	0	0	0	0	0	0	0	0	0	0	0	0	0	0	0	0	0	0	0	0	0	0	0	0	0	0	0	0	0	0	0	0	0	0	0	0	0	0	0	0	0	0	0	0	0	0	0	0	0	0	0	0	0	0	0	0	0	0	0	0	0	0	0	0	0	0	0	1	0	0	0	0	0	0	0	1	1	1	2	0	0	0	0	0	0	0	0	0	0	0	0	0	0	0	0	0	0	1	0	0	1	0	0	0	0	0	0	0	0	0	0	0	0	0	0	0	0	0	0	0	0	0	0	0	0	0	0	0	0	0	0	0	0	0	0	0	0	0	0	0	0	0	0	1	0	0	0	0	0	0	0	0	0	0	0	0	0	0	0	0	0	0	0	0	0	0	0	0	0	0	0	0	0	0	0	1	1	0	0	0	0	0	0	0	0	0	1
Wildtype:Mycobacterium tuberculosis katG mutations conferring resistance to isoniazid	0	0	0	0	0	0	0	0	0	0	0	0	0	0	0	0	0	0	0	0	0	0	0	0	0	0	0	0	0	0	0	0	0	0	0	0	0	0	0	0	0	0	0	0	0	0	0	0	0	0	0	0	0	0	0	0	0	0	0	0	0	0	0	0	0	0	0	0	0	0	0	0	0	0	0	0	0	0	0	0	0	0	0	0	0	0	0	0	0	0	0	0	0	0	0	0	0	0	0	0	0	0	0	0	0	0	0	0	0	0	0	0	0	0	0	0	0	0	0	0	0	0	1	1	0	0	0	1	1	1	3	3	2	0	3	3	2	2	0	0	3	3	0	1	1	1	0	1	3	3	0	0	2	0	1	0	0	0	0	1	1	1	0	0	0	0	1	1	0	0	0	2	0	0	1	1	0	0	3	2	3	3	0	0	9	8	3	3	0	0	0	0	1	1	2	3	2	2	4	2	1	4	0	0	3	3	1	3	2	1	2	2	7	7	0	0	1	0	0	1	2	2	0	0	1	1	0	2	0	0	1	1	0	1	5	4	5	2	2	2	1	0	1	2
Wildtype:Mycobacterium tuberculosis mshA mutations conferring resistance to isoniazid	0	0	0	0	0	0	0	0	0	0	0	0	0	0	0	0	0	0	0	0	0	0	0	0	0	0	0	0	0	0	0	0	0	0	0	0	0	0	0	0	0	0	0	0	0	0	0	0	0	0	0	0	0	0	0	0	0	0	0	0	0	0	0	0	0	0	0	0	0	0	0	0	0	0	0	0	0	0	0	0	0	0	0	0	0	0	0	0	0	0	0	0	0	0	0	0	0	0	0	0	0	0	0	0	0	0	0	0	0	0	0	0	0	0	0	0	0	0	0	0	0	0	0	0	0	0	0	2	0	0	0	0	0	0	0	1	0	0	0	0	0	0	0	0	0	0	0	0	0	0	0	1	0	0	0	0	0	0	0	0	0	0	0	1	0	0	0	0	0	0	0	0	0	0	0	0	0	0	0	0	0	0	2	2	0	0	0	0	0	0	0	0	0	0	0	0	0	0	0	0	0	0	0	0	0	0	0	0	0	1	0	0	0	0	0	0	0	0	0	0	0	0	0	0	0	0	0	0	0	0	0	0	0	0	0	0	0	0	0	0	0	0	0	0
Wildtype:Mycobacterium tuberculosis ndh with mutation conferring resistance to isoniazid	0	0	0	0	0	0	0	0	0	0	0	0	0	0	0	0	0	0	0	0	0	0	0	0	0	0	0	0	0	0	0	0	0	0	0	0	0	0	0	0	0	0	0	0	0	0	0	0	0	0	0	0	0	0	0	0	0	0	0	0	0	0	0	0	0	0	0	0	0	0	0	0	0	0	0	0	0	0	0	0	0	0	0	0	0	0	0	0	0	0	0	0	0	0	0	0	0	0	0	0	0	0	0	0	0	0	0	0	0	0	0	0	0	0	0	0	0	0	0	0	0	0	0	0	0	0	0	0	1	0	0	0	1	1	0	0	0	0	0	0	0	0	0	0	0	0	0	0	0	0	2	0	0	0	0	0	0	0	0	0	0	0	0	0	0	0	0	0	0	0	0	0	0	0	0	0	0	0	0	0	0	0	0	0	0	0	0	0	0	0	0	0	0	0	0	0	0	0	1	1	0	0	0	0	0	0	0	1	0	0	0	0	0	0	0	0	0	0	0	0	0	0	0	0	0	0	0	0	0	0	0	0	0	0	0	1	0	0	0	0	0	3	0	0
Wildtype:Mycobacterium tuberculosis rpoA mutations confer resistance to rifampicin	0	0	0	0	0	0	0	0	0	0	0	0	0	0	0	0	0	0	0	0	0	0	0	0	0	0	0	0	0	0	0	0	0	0	0	0	0	0	0	0	0	0	0	0	0	0	0	0	0	0	0	0	0	0	0	0	0	0	0	0	0	0	0	0	0	0	0	0	0	0	0	0	0	0	0	0	0	0	0	0	0	0	0	0	0	0	0	0	0	0	0	0	0	0	0	0	0	0	0	0	0	0	0	0	0	0	0	0	0	0	0	0	0	0	0	0	0	0	0	0	0	0	0	0	1	1	4	2	5	5	0	0	1	0	0	3	1	5	1	1	2	0	0	0	0	0	0	0	0	0	0	0	0	0	2	0	0	0	0	0	0	0	1	0	0	0	2	0	2	2	0	1	0	0	0	0	2	0	0	0	2	1	1	3	0	0	0	0	2	0	0	0	0	0	0	0	0	0	1	0	2	0	0	0	1	0	1	1	0	0	5	6	0	0	8	9	3	4	0	0	2	0	0	0	0	0	0	0	0	1	0	0	1	1	1	0	0	2	0	0	1	3	0	0
Wildtype:Mycobacterium tuberculosis rpoB with mutations conferring resistance to rifampicin	0	0	0	0	0	0	0	0	0	0	0	0	0	0	0	0	0	0	0	0	0	0	0	0	0	0	0	0	0	0	0	0	0	0	0	0	0	0	0	0	0	0	0	0	0	0	0	0	0	0	0	0	0	0	0	0	0	0	0	0	0	0	0	0	0	0	0	0	0	0	0	0	0	0	0	0	0	0	0	0	0	0	0	0	0	0	0	0	0	0	0	0	0	0	0	0	0	0	0	0	0	0	0	0	0	0	0	0	0	0	0	0	0	0	0	0	0	0	0	0	0	0	1	0	12	17	13	15	27	30	0	0	13	10	6	8	11	16	5	3	12	7	4	2	2	2	3	5	2	3	4	2	5	5	11	9	3	5	2	0	3	6	3	5	1	1	13	9	14	18	2	1	7	4	0	2	2	5	2	4	7	9	8	8	8	11	7	4	0	2	1	0	3	4	12	12	4	5	4	9	5	4	5	5	4	3	3	2	2	1	69	72	2	2	84	83	4	5	2	4	0	0	2	1	4	4	1	2	1	0	1	1	10	7	5	1	3	3	10	5	5	6	3	5
Wildtype:Mycobacterium tuberculosis rpsA mutations conferring resistance to pyrazinamide	0	0	0	0	0	0	0	0	0	0	0	0	0	0	0	0	0	0	0	0	0	0	0	0	0	0	0	0	0	0	0	0	0	0	0	0	0	0	0	0	0	0	0	0	0	0	0	0	0	0	0	0	0	0	0	0	0	0	0	0	0	0	0	0	0	0	0	0	0	0	0	0	0	0	0	0	0	0	0	0	0	0	0	0	0	0	0	0	0	0	0	0	0	0	0	0	0	0	0	0	0	0	0	0	0	0	0	0	0	0	0	0	0	0	0	0	0	0	0	0	0	0	0	0	0	0	5	3	0	0	0	0	0	0	0	1	0	0	0	0	0	0	0	0	0	0	1	0	0	0	0	0	0	0	0	0	0	0	0	0	1	0	1	1	0	0	0	0	0	0	0	0	0	0	0	0	0	2	0	0	0	0	0	0	0	0	0	0	0	0	0	0	0	0	1	1	0	0	0	0	0	0	0	0	0	1	0	0	0	0	2	0	1	2	0	0	0	0	0	0	0	0	0	0	0	0	0	1	0	0	0	0	0	1	1	2	3	1	4	2	0	1	3	4
Wildtype:Mycobacterium tuberculosis rpsL mutations conferring resistance to Streptomycin	0	0	0	0	0	0	0	0	0	0	0	0	0	0	0	0	0	0	0	0	0	0	0	0	0	0	0	0	0	0	0	0	0	0	0	0	0	0	0	0	0	0	0	0	0	0	0	0	0	0	0	0	0	0	0	0	0	0	0	0	0	0	0	0	0	0	0	0	0	0	0	0	0	0	0	0	0	0	0	0	0	0	0	0	0	0	0	0	0	0	0	0	0	0	0	0	0	0	0	0	0	0	0	0	0	0	0	0	0	0	0	0	0	0	0	0	0	0	0	0	0	0	7	7	24	23	10	5	54	42	1	0	3	2	3	5	1	2	2	2	10	8	0	0	3	3	3	1	1	1	1	0	3	2	0	2	2	1	0	1	5	8	0	1	1	1	15	13	27	27	4	5	5	5	0	0	2	0	3	5	6	5	6	2	0	2	0	2	1	0	6	4	3	3	4	2	3	2	6	4	1	1	5	3	6	4	2	1	0	1	74	64	11	12	104	102	2	0	5	6	1	3	1	1	1	1	2	2	1	1	1	3	3	5	3	2	4	2	3	3	2	2	2	1
Wildtype:Mycobacterium tuberculosis thyA with mutation conferring resistance to para-aminosalicylic acid	0	0	0	0	0	0	0	0	0	0	0	0	0	0	0	0	0	0	0	0	0	0	0	0	0	0	0	0	0	0	0	0	0	0	0	0	0	0	0	0	0	0	0	0	0	0	0	0	0	0	0	0	0	0	0	0	0	0	0	0	0	0	0	0	0	0	0	0	0	0	0	0	0	0	0	0	0	0	0	0	0	0	0	0	0	0	0	0	0	0	0	0	0	0	0	0	0	0	0	0	0	0	0	0	0	0	0	0	0	0	0	0	0	0	0	0	0	0	0	0	0	0	0	0	0	0	0	0	0	0	0	0	0	0	0	1	0	1	0	0	0	0	0	0	0	0	0	0	0	0	0	0	0	0	0	0	0	0	0	0	0	0	0	0	0	0	0	0	0	0	0	0	0	0	0	0	0	0	0	0	0	0	0	0	0	0	0	0	0	0	0	0	0	0	0	0	0	0	0	0	4	1	0	0	0	0	0	0	0	0	0	0	0	0	0	0	0	0	1	1	0	0	0	0	0	0	0	0	0	0	0	0	0	1	2	2	0	0	0	0	0	0	0	0
Wildtype:Mycobacterium tuberculosis variant bovis ndh with mutation conferring resistance to isoniazid	0	0	0	0	0	0	0	0	0	0	0	0	0	0	0	0	0	0	0	0	0	0	0	0	0	0	0	0	0	0	0	0	0	0	0	0	0	0	0	0	0	0	0	0	0	0	0	0	0	0	0	0	0	0	0	0	0	0	0	0	0	0	0	0	0	0	0	0	0	0	0	0	0	0	0	0	0	0	0	0	0	0	0	0	0	0	0	0	0	0	0	0	0	0	0	0	0	0	0	0	0	0	0	0	0	0	0	0	0	0	0	0	0	0	0	0	0	0	0	0	0	0	0	0	1	1	1	0	0	0	0	0	0	0	0	0	0	0	0	0	0	0	0	0	0	0	0	0	0	0	0	0	0	0	0	0	0	0	0	0	0	0	0	0	0	0	0	0	0	0	0	0	0	0	0	0	0	0	0	0	0	1	0	0	0	0	0	0	0	0	0	0	0	0	0	0	0	0	0	0	0	0	0	0	0	0	0	0	0	0	0	1	0	0	0	0	0	0	0	0	0	0	0	0	0	0	0	0	0	0	0	0	0	0	0	0	0	0	0	0	0	0	0	0
Wildtype:Mycolicibacterium smegmatis ndh with mutation conferring resistance to isoniazid	0	0	0	0	0	0	0	0	0	0	0	0	0	0	0	0	0	0	0	0	0	0	0	0	0	0	0	0	0	0	0	0	0	0	0	0	0	0	0	0	0	0	0	0	0	0	0	0	0	0	0	0	0	0	0	0	0	0	0	0	0	0	0	0	0	0	0	0	0	0	0	0	0	0	0	0	0	0	0	0	0	0	0	0	0	0	0	0	0	0	0	0	0	0	0	0	0	0	0	0	0	0	0	0	0	0	0	0	0	0	0	0	0	0	0	0	0	0	0	0	0	0	0	0	0	0	1	0	0	0	0	0	0	0	0	0	0	1	1	0	0	0	0	0	0	0	0	0	0	0	0	0	0	0	0	0	0	0	0	0	0	0	0	0	0	0	0	0	0	0	0	0	0	0	0	0	0	0	0	0	0	0	0	0	0	0	0	0	0	0	0	0	0	0	0	0	0	0	0	0	0	0	0	0	0	0	0	0	0	0	0	0	0	0	0	0	0	0	0	0	0	0	0	0	0	0	0	0	0	0	0	0	0	0	0	0	0	0	0	0	0	0	0	0
Wildtype:Neisseria gonorrhoeae gyrA with mutations conferring resistance to fluoroquinolones	0	0	0	0	0	0	0	0	0	0	0	0	0	0	0	0	0	0	0	0	0	0	0	0	0	0	0	0	0	0	0	0	0	0	0	0	0	0	0	0	0	0	0	0	0	0	0	0	0	0	0	0	0	0	0	0	0	0	0	0	0	0	0	0	0	0	0	0	0	0	0	0	0	0	0	0	0	0	0	0	0	0	0	0	0	0	0	0	0	0	0	0	0	0	0	0	0	0	0	0	0	0	0	0	0	0	0	0	0	0	0	0	0	0	0	0	0	0	0	0	0	0	0	0	9	7	3	2	6	7	0	0	0	0	0	0	0	1	0	0	0	0	0	0	0	0	0	0	2	0	0	0	0	0	0	0	0	0	0	0	0	1	0	0	0	0	0	0	0	1	0	0	2	0	1	0	2	1	2	0	0	0	3	3	1	2	0	0	2	0	0	0	0	0	0	0	0	0	0	0	0	0	2	1	4	3	0	1	0	0	2	3	0	3	0	0	1	0	1	1	0	0	0	0	1	1	0	0	0	0	0	0	0	0	0	0	0	0	0	0	0	0	0	0
Wildtype:Neisseria gonorrhoeae gyrB conferring resistance to zoliflodacin	0	0	0	0	0	0	0	0	0	0	0	0	0	0	0	0	0	0	0	0	0	0	0	0	0	0	0	0	0	0	0	0	0	0	0	0	0	0	0	0	0	0	0	0	0	0	0	0	0	0	0	0	0	0	0	0	0	0	0	0	0	0	0	0	0	0	0	0	0	0	0	0	0	0	0	0	0	0	0	0	0	0	0	0	0	0	0	0	0	0	0	0	0	0	0	0	0	0	0	0	0	0	0	0	0	0	0	0	0	0	0	0	0	0	0	0	0	0	0	0	0	0	0	0	0	0	1	1	1	2	3	0	0	0	0	0	4	1	0	0	0	0	0	0	0	0	0	0	0	0	0	0	0	0	0	0	0	0	0	0	1	2	0	0	0	0	1	1	0	0	1	2	1	0	0	1	0	0	1	0	0	0	0	0	0	1	0	0	0	0	4	4	2	3	0	0	0	0	0	0	0	0	0	0	0	0	3	3	0	0	0	0	0	0	2	1	3	1	4	1	0	0	0	0	1	1	0	0	0	0	2	2	0	0	4	0	1	0	0	1	0	0	0	0
Wildtype:Neisseria gonorrhoeae parC conferring resistance to fluoroquinolones	0	0	0	0	0	0	0	0	0	0	0	0	0	0	0	0	0	0	0	0	0	0	0	0	0	0	0	0	0	0	0	0	0	0	0	0	0	0	0	0	0	0	0	0	0	0	0	0	0	0	0	0	0	0	0	0	0	0	0	0	0	0	0	0	0	0	0	0	0	0	0	0	0	0	0	0	0	0	0	0	0	0	0	0	0	0	0	0	0	0	0	0	0	0	0	0	0	0	0	0	0	0	0	0	0	0	0	0	0	0	0	0	0	0	0	0	0	0	0	0	0	0	0	0	0	0	0	0	0	0	0	0	0	0	0	0	0	0	0	0	0	0	0	0	0	0	0	0	0	0	0	0	0	0	0	0	0	0	0	0	0	0	0	0	0	0	0	0	0	0	0	0	0	0	0	0	0	0	0	0	0	0	0	0	0	0	0	0	0	0	0	0	0	0	0	0	0	0	0	0	0	0	0	0	0	0	0	0	0	0	0	0	0	0	0	0	2	0	0	0	0	0	0	0	0	0	0	0	0	0	0	0	0	0	0	0	0	0	0	0	0	0	0	0
Wildtype:Neisseria gonorrhoeae rpld	0	0	0	0	0	0	0	0	0	0	0	0	0	0	0	0	0	0	0	0	0	0	0	0	0	0	0	0	0	0	0	0	0	0	0	0	0	0	0	0	0	0	0	0	0	0	0	0	0	0	0	0	0	0	0	0	0	0	0	0	0	0	0	0	0	0	0	0	0	0	0	0	0	0	0	0	0	0	0	0	0	0	0	0	0	0	0	0	0	0	0	0	0	0	0	0	0	0	0	0	0	0	0	0	0	0	0	0	0	0	0	0	0	0	0	0	0	0	0	0	0	0	0	0	0	0	0	0	0	0	0	0	0	0	0	0	0	0	0	0	0	0	0	0	0	0	0	0	0	0	0	0	0	0	0	0	0	0	0	0	0	0	0	0	0	0	0	0	0	0	0	0	0	0	0	0	1	0	0	0	0	0	0	0	0	0	0	0	0	0	0	0	0	0	0	0	0	0	0	0	0	0	0	0	0	0	0	0	0	0	0	0	0	0	0	0	0	0	0	0	0	0	0	0	0	0	0	0	0	0	0	0	0	0	0	0	0	0	0	0	0	0	0	0
Wildtype:Pseudomonas aeruginosa gyrA conferring resistance to fluoroquinolones	0	0	0	0	0	0	0	0	0	0	0	0	0	0	0	0	0	0	0	0	0	0	0	0	0	0	0	0	0	0	0	0	0	0	0	0	0	0	0	0	0	0	0	0	0	0	0	0	0	0	0	0	0	0	0	0	0	0	0	0	0	0	0	0	0	0	0	0	0	0	0	0	0	0	0	0	0	0	0	0	0	0	0	0	0	0	0	0	0	0	0	0	0	0	0	0	0	0	0	0	0	0	0	0	0	0	0	0	0	0	0	0	0	0	0	0	0	0	0	0	0	0	10	5	2	1	2	5	4	3	8	4	5	0	5	3	11	6	0	1	3	6	9	7	0	0	6	4	8	6	5	6	1	2	5	4	4	4	0	0	9	4	3	3	0	1	1	0	1	1	9	5	1	0	4	4	1	0	0	2	1	2	2	2	2	6	2	3	1	1	3	5	4	5	11	10	0	0	0	3	1	0	1	1	3	1	4	3	1	4	1	0	3	4	2	3	19	15	11	10	0	3	0	0	3	4	1	1	1	1	3	2	3	4	3	3	3	4	4	4	6	4	3	2
Wildtype:Pseudomonas aeruginosa parE conferring resistance to fluoroquinolones	0	0	0	0	0	0	0	0	0	0	0	0	0	0	0	0	0	0	0	0	0	0	0	0	0	0	0	0	0	0	0	0	0	0	0	0	0	0	0	0	0	0	0	0	0	0	0	0	0	0	0	0	0	0	0	0	0	0	0	0	0	0	0	0	0	0	0	0	0	0	0	0	0	0	0	0	0	0	0	0	0	0	0	0	0	0	0	0	0	0	0	0	0	0	0	0	0	0	0	0	0	0	0	0	0	0	0	0	0	0	0	0	0	0	0	0	0	0	0	0	0	0	0	0	0	0	0	0	0	0	0	0	0	0	2	3	0	1	0	0	0	2	0	0	0	0	2	2	0	0	1	2	0	0	1	2	0	1	0	0	1	3	0	0	0	0	0	0	0	0	1	1	1	1	0	0	0	0	0	0	1	2	0	0	0	0	0	0	0	0	0	0	0	0	0	0	0	0	0	1	1	1	0	0	0	0	0	2	0	1	0	0	0	1	2	2	1	1	3	1	0	1	0	0	0	0	0	0	0	0	0	1	1	0	1	1	0	1	2	2	0	0	1	0
Wildtype:Pseudomonas mutant PhoP conferring resistance to colistin	0	0	0	0	0	0	0	0	0	0	0	0	0	0	0	0	0	0	0	0	0	0	0	0	0	0	0	0	0	0	0	0	0	0	0	0	0	0	0	0	0	0	0	0	0	0	0	0	0	0	0	0	0	0	0	0	0	0	0	0	0	0	0	0	0	0	0	0	0	0	0	0	0	0	0	0	0	0	0	0	0	0	0	0	0	0	0	0	0	0	0	0	0	0	0	0	0	0	0	0	0	0	0	0	0	0	0	0	0	0	0	0	0	0	0	0	0	0	0	0	0	0	0	0	0	0	0	0	0	0	0	0	0	0	0	0	0	0	0	0	0	0	0	0	0	0	0	0	0	0	0	0	0	0	0	0	0	0	0	0	0	0	0	0	0	0	0	0	0	0	0	0	0	1	0	0	0	0	0	0	0	0	0	0	0	0	0	0	0	0	0	0	0	0	0	0	0	0	0	0	0	0	0	0	0	0	0	0	0	0	0	0	0	0	0	0	4	1	0	0	0	0	0	0	0	0	0	0	0	0	0	0	0	0	0	0	0	0	0	0	0	0	0	0
Wildtype:Salmonella enterica gyrA conferring resistance to fluoroquinolones	0	0	0	0	0	0	0	0	0	0	0	0	0	0	0	0	0	0	0	0	0	0	0	0	0	0	0	0	0	0	0	0	0	0	0	0	0	0	0	0	0	0	0	0	0	0	0	0	0	0	0	0	0	0	0	0	0	0	0	0	0	0	0	0	0	0	0	0	0	0	0	0	0	0	0	0	0	0	0	0	0	0	0	0	0	0	0	0	0	0	0	0	0	0	0	0	0	0	0	0	0	0	0	0	0	0	0	0	0	0	0	0	0	0	0	0	0	0	0	0	0	0	2	3	0	1	1	1	1	0	0	0	2	1	0	0	0	0	0	0	0	0	0	1	0	0	0	2	0	0	0	1	0	0	2	2	0	2	0	1	2	2	0	2	0	0	0	0	0	0	1	1	1	1	0	0	0	0	1	1	0	0	0	0	0	0	0	0	0	0	3	1	0	0	0	0	0	0	0	0	0	0	0	0	2	2	0	1	0	0	2	2	4	2	1	1	1	1	1	1	0	0	1	1	1	1	0	0	0	0	2	1	2	3	0	0	1	1	0	0	3	3	0	1
Wildtype:Salmonella enterica parC conferring resistance to fluoroquinolones	0	0	0	0	0	0	0	0	0	0	0	0	0	0	0	0	0	0	0	0	0	0	0	0	0	0	0	0	0	0	0	0	0	0	0	0	0	0	0	0	0	0	0	0	0	0	0	0	0	0	0	0	0	0	0	0	0	0	0	0	0	0	0	0	0	0	0	0	0	0	0	0	0	0	0	0	0	0	0	0	0	0	0	0	0	0	0	0	0	0	0	0	0	0	0	0	0	0	0	0	0	0	0	0	0	0	0	0	0	0	0	0	0	0	0	0	0	0	0	0	0	0	0	0	1	1	0	0	0	0	0	0	0	0	0	0	0	0	0	0	0	0	0	0	0	0	0	0	0	0	0	0	0	0	0	0	0	0	0	0	0	0	0	0	0	0	0	0	0	0	0	0	2	4	0	0	0	0	0	0	0	0	0	0	0	3	0	0	0	0	0	0	1	0	0	0	0	0	0	0	0	0	0	0	0	1	0	0	1	1	0	0	1	1	0	0	9	3	5	3	1	1	0	0	0	0	0	0	0	0	0	0	0	0	0	0	0	0	0	0	0	0	0	0
Wildtype:Salmonella isangi gyrB conferring resistance to fluoroquinolones	0	0	0	0	0	0	0	0	0	0	0	0	0	0	0	0	0	0	0	0	0	0	0	0	0	0	0	0	0	0	0	0	0	0	0	0	0	0	0	0	0	0	0	0	0	0	0	0	0	0	0	0	0	0	0	0	0	0	0	0	0	0	0	0	0	0	0	0	0	0	0	0	0	0	0	0	0	0	0	0	0	0	0	0	0	0	0	0	0	0	0	0	0	0	0	0	0	0	0	0	0	0	0	0	0	0	0	0	0	0	0	0	0	0	0	0	0	0	0	0	0	0	1	0	0	0	0	0	0	0	0	0	0	0	0	0	0	0	0	0	0	0	0	0	0	0	0	0	0	0	0	0	0	0	0	0	0	0	0	0	0	0	0	0	0	0	0	0	0	0	0	0	0	0	0	0	0	0	0	0	0	0	0	0	0	0	0	0	0	0	0	0	0	0	0	0	0	0	0	0	0	0	0	0	0	0	0	0	0	0	0	0	0	0	0	0	0	1	0	0	0	0	0	0	0	0	0	0	0	0	0	0	0	0	0	0	0	0	0	0	0	0	0	0
Wildtype:Salmonella serovars gyrB conferring resistance to fluoroquinolones	0	0	0	0	0	0	0	0	0	0	0	0	0	0	0	0	0	0	0	0	0	0	0	0	0	0	0	0	0	0	0	0	0	0	0	0	0	0	0	0	0	0	0	0	0	0	0	0	0	0	0	0	0	0	0	0	0	0	0	0	0	0	0	0	0	0	0	0	0	0	0	0	0	0	0	0	0	0	0	0	0	0	0	0	0	0	0	0	0	0	0	0	0	0	0	0	0	0	0	0	0	0	0	0	0	0	0	0	0	0	0	0	0	0	0	0	0	0	0	0	0	0	1	2	0	0	0	0	0	0	0	0	0	0	0	0	0	0	0	0	0	0	0	0	0	0	0	0	0	0	1	0	0	0	0	0	0	0	0	0	0	0	0	0	0	0	0	0	0	0	0	0	0	0	0	0	0	0	0	0	0	0	0	0	0	0	0	0	0	0	0	0	0	0	0	0	0	0	0	0	0	0	0	0	0	1	0	0	0	0	0	0	0	0	0	0	2	1	0	0	0	0	0	0	0	0	0	0	0	0	0	0	0	0	0	0	0	0	0	0	0	0	0	0
Wildtype:Shigella flexneri gyrA conferring resistance to fluoroquinolones	0	0	0	0	0	0	0	0	0	0	0	0	0	0	0	0	0	0	0	0	0	0	0	0	0	0	0	0	0	0	0	0	0	0	0	0	0	0	0	0	0	0	0	0	0	0	0	0	0	0	0	0	0	0	0	0	0	0	0	0	0	0	0	0	0	0	0	0	0	0	0	0	0	0	0	0	0	0	0	0	0	0	0	0	0	0	0	0	0	0	0	0	0	0	0	0	0	0	0	0	0	0	0	0	0	0	0	0	0	0	0	0	0	0	0	0	0	0	0	0	0	0	0	2	0	0	0	0	0	2	0	3	1	2	0	1	0	0	0	0	1	1	0	0	0	0	0	0	0	0	1	0	0	0	0	0	0	0	0	0	1	2	2	1	0	0	0	0	0	0	0	0	0	0	0	0	0	0	0	0	0	0	0	0	0	0	1	1	0	0	0	0	0	0	0	0	0	0	0	0	0	1	0	0	0	0	0	0	0	0	2	0	0	0	1	1	3	3	0	0	0	0	0	0	2	0	0	0	0	0	0	0	2	2	0	0	3	0	0	0	1	1	0	0
Wildtype:Shigella flexneri parC conferring resistance to fluoroquinolones	0	0	0	0	0	0	0	0	0	0	0	0	0	0	0	0	0	0	0	0	0	0	0	0	0	0	0	0	0	0	0	0	0	0	0	0	0	0	0	0	0	0	0	0	0	0	0	0	0	0	0	0	0	0	0	0	0	0	0	0	0	0	0	0	0	0	0	0	0	0	0	0	0	0	0	0	0	0	0	0	0	0	0	0	0	0	0	0	0	0	0	0	0	0	0	0	0	0	0	0	0	0	0	0	0	0	0	0	0	0	0	0	0	0	0	0	0	0	0	0	0	0	3	1	0	0	0	0	1	0	0	0	0	0	2	2	0	0	0	0	1	0	0	0	0	0	0	1	1	2	0	1	1	0	0	0	0	2	0	0	1	0	1	0	0	1	0	0	0	0	0	0	1	1	0	0	0	0	0	0	2	0	0	0	0	1	0	0	0	1	0	0	0	1	0	0	0	0	0	0	0	0	2	2	0	1	1	0	0	0	0	1	1	0	3	2	2	5	0	1	0	0	0	0	3	0	0	0	0	0	1	1	1	0	2	1	0	0	0	0	0	1	0	1
Wildtype:Staphylococcus aureus fusA with mutation conferring resistance to fusidic acid	0	0	0	0	0	0	0	0	0	0	0	0	0	0	0	0	0	0	0	0	0	0	0	0	0	0	0	0	0	0	0	0	0	0	0	0	0	0	0	0	0	0	0	0	0	0	0	0	0	0	0	0	0	0	0	0	0	0	0	0	0	0	0	0	0	0	0	0	0	0	0	0	0	0	0	0	0	0	0	0	0	0	0	0	0	0	0	0	0	0	0	0	0	0	0	0	0	0	0	0	0	0	0	0	0	0	0	0	0	0	0	0	0	0	0	0	0	0	0	0	0	0	0	0	0	0	0	0	0	0	0	0	0	0	0	0	0	0	0	0	0	0	0	0	0	0	0	0	0	0	0	0	0	0	0	0	0	0	0	0	0	0	0	0	0	0	0	0	0	0	0	0	0	0	0	0	0	0	0	0	0	0	0	0	0	1	0	0	0	0	0	0	0	0	0	0	1	1	0	0	1	1	0	0	0	0	0	0	0	0	1	1	1	1	1	1	0	1	1	1	0	0	0	0	0	0	0	0	0	0	0	0	0	0	0	0	0	0	0	0	0	0	0	0
Wildtype:Staphylococcus aureus gyrA conferring resistance to fluoroquinolones	0	0	0	0	0	0	0	0	0	0	0	0	0	0	0	0	0	0	0	0	0	0	0	0	0	0	0	0	0	0	0	0	0	0	0	0	0	0	0	0	0	0	0	0	0	0	0	0	0	0	0	0	0	0	0	0	0	0	0	0	0	0	0	0	0	0	0	0	0	0	0	0	0	0	0	0	0	0	0	0	0	0	0	0	0	0	0	0	0	0	0	0	0	0	0	0	0	0	0	0	0	0	0	0	0	0	0	0	0	0	0	0	0	0	0	0	0	0	0	0	0	0	0	0	0	0	0	0	0	0	0	0	0	0	0	0	0	0	0	0	0	0	0	0	0	0	0	0	0	0	0	0	0	0	0	0	0	0	0	0	0	0	0	0	0	0	0	0	0	0	0	0	0	0	0	0	0	0	0	0	0	0	0	0	0	0	1	1	0	0	0	0	0	0	0	0	0	0	0	0	0	0	0	0	0	0	0	0	0	0	0	0	0	0	0	0	0	0	0	0	0	0	0	0	0	0	0	0	0	0	0	0	0	0	0	0	0	0	1	1	0	0	0	0
Wildtype:Staphylococcus aureus gyrB conferring resistance to aminocoumarin	0	0	0	0	0	0	0	0	0	0	0	0	0	0	0	0	0	0	0	0	0	0	0	0	0	0	0	0	0	0	0	0	0	0	0	0	0	0	0	0	0	0	0	0	0	0	0	0	0	0	0	0	0	0	0	0	0	0	0	0	0	0	0	0	0	0	0	0	0	0	0	0	0	0	0	0	0	0	0	0	0	0	0	0	0	0	0	0	0	0	0	0	0	0	0	0	0	0	0	0	0	0	0	0	0	0	0	0	0	0	0	0	0	0	0	0	0	0	0	0	0	0	0	0	0	0	0	0	0	0	0	0	0	0	1	1	1	0	0	0	0	0	0	0	1	1	0	0	0	0	0	0	0	0	1	1	0	0	0	0	0	0	1	1	0	0	0	0	0	0	0	0	0	0	0	0	0	0	0	0	0	0	0	0	0	0	0	0	0	0	0	0	0	0	0	0	0	0	0	0	0	0	1	1	0	0	0	0	0	0	0	0	0	0	0	0	0	0	0	0	0	0	0	0	0	0	0	0	0	0	0	0	0	1	2	1	0	0	0	0	0	0	0	0
Wildtype:Staphylococcus aureus parE conferring resistance to fluoroquinolones	0	0	0	0	0	0	0	0	0	0	0	0	0	0	0	0	0	0	0	0	0	0	0	0	0	0	0	0	0	0	0	0	0	0	0	0	0	0	0	0	0	0	0	0	0	0	0	0	0	0	0	0	0	0	0	0	0	0	0	0	0	0	0	0	0	0	0	0	0	0	0	0	0	0	0	0	0	0	0	0	0	0	0	0	0	0	0	0	0	0	0	0	0	0	0	0	0	0	0	0	0	0	0	0	0	0	0	0	0	0	0	0	0	0	0	0	0	0	0	0	0	0	2	1	0	0	0	0	0	0	0	0	0	0	0	0	0	0	0	0	0	0	0	0	0	0	0	0	0	0	0	0	0	0	1	1	0	0	0	0	0	0	0	0	0	0	0	0	0	0	0	0	0	0	0	0	0	0	0	0	0	0	0	0	0	0	0	0	0	0	0	0	0	0	0	0	0	0	0	0	0	0	1	1	0	0	1	1	0	0	0	0	1	1	0	0	0	0	0	0	0	0	0	0	0	0	0	0	0	0	1	1	0	0	1	1	0	0	0	0	0	0	0	0
Wildtype:Staphylococcus aureus rpoB mutants conferring resistance to daptomycin	0	0	0	0	0	0	0	0	0	0	0	0	0	0	0	0	0	0	0	0	0	0	0	0	0	0	0	0	0	0	0	0	0	0	0	0	0	0	0	0	0	0	0	0	0	0	0	0	0	0	0	0	0	0	0	0	0	0	0	0	0	0	0	0	0	0	0	0	0	0	0	0	0	0	0	0	0	0	0	0	0	0	0	0	0	0	0	0	0	0	0	0	0	0	0	0	0	0	0	0	0	0	0	0	0	0	0	0	0	0	0	0	0	0	0	0	0	0	0	0	0	0	10	7	5	5	7	5	13	6	5	2	5	2	5	4	11	11	4	5	8	7	4	5	0	0	4	6	0	1	1	2	4	4	2	2	3	3	4	6	6	3	3	2	5	5	2	3	6	4	3	3	2	2	4	3	5	5	6	7	3	3	3	2	6	3	3	3	7	6	1	2	3	4	3	2	4	5	3	5	2	1	2	4	4	3	3	4	3	1	8	6	12	14	14	11	4	5	7	7	6	5	3	2	4	2	2	2	3	0	3	2	4	7	4	6	4	4	2	4	2	5	4	4
Wildtype:Staphylococcus aureus rpoB mutants conferring resistance to rifampicin	0	0	0	0	0	0	0	0	0	0	0	0	0	0	0	0	0	0	0	0	0	0	0	0	0	0	0	0	0	0	0	0	0	0	0	0	0	0	0	0	0	0	0	0	0	0	0	0	0	0	0	0	0	0	0	0	0	0	0	0	0	0	0	0	0	0	0	0	0	0	0	0	0	0	0	0	0	0	0	0	0	0	0	0	0	0	0	0	0	0	0	0	0	0	0	0	0	0	0	0	0	0	0	0	0	0	0	0	0	0	0	0	0	0	0	0	0	0	0	0	0	0	0	0	0	1	0	0	0	0	0	0	9	2	16	19	7	8	4	6	5	6	0	1	0	0	4	4	0	0	2	1	5	5	2	5	1	1	0	0	8	6	1	2	0	1	0	0	0	0	0	0	0	0	0	0	0	0	0	0	0	0	0	0	0	0	0	0	0	0	0	0	0	0	0	0	0	0	0	0	0	0	0	0	0	0	0	0	0	0	0	0	1	2	0	0	0	0	0	0	0	0	0	0	0	0	0	0	0	0	1	0	12	11	22	12	4	4	10	3	10	10	9	10
Wildtype:Streptomyces cinnamoneus EF-Tu mutants conferring resistance to elfamycin	0	0	0	0	0	0	0	0	0	0	0	0	0	0	0	0	0	0	0	0	0	0	0	0	0	0	0	0	0	0	0	0	0	0	0	0	0	0	0	0	0	0	0	0	0	0	0	0	0	0	0	0	0	0	0	0	0	0	0	0	0	0	0	0	0	0	0	0	0	0	0	0	0	0	0	0	0	0	0	0	0	0	0	0	0	0	0	0	0	0	0	0	0	0	0	0	0	0	0	0	0	0	0	0	0	0	0	0	0	0	0	0	0	0	0	0	0	0	0	0	0	0	0	0	2	2	0	0	0	0	0	0	1	1	0	0	0	0	0	0	1	1	0	0	0	0	0	0	0	0	0	0	0	0	0	0	0	0	0	0	0	0	0	0	0	0	0	0	0	0	0	0	0	0	0	0	0	1	0	0	0	0	0	0	0	0	0	0	0	0	0	0	0	0	0	0	0	0	0	0	0	0	0	0	0	0	0	0	0	0	1	1	0	0	0	0	0	0	1	1	0	0	0	0	0	0	0	0	0	0	0	0	0	0	0	0	0	0	0	0	0	0	0	0
Wildtype:Vibrio vulnificus rpoB mutants conferring resistance to rifampin	0	0	0	0	0	0	0	0	0	0	0	0	0	0	0	0	0	0	0	0	0	0	0	0	0	0	0	0	0	0	0	0	0	0	0	0	0	0	0	0	0	0	0	0	0	0	0	0	0	0	0	0	0	0	0	0	0	0	0	0	0	0	0	0	0	0	0	0	0	0	0	0	0	0	0	0	0	0	0	0	0	0	0	0	0	0	0	0	0	0	0	0	0	0	0	0	0	0	0	0	0	0	0	0	0	0	0	0	0	0	0	0	0	0	0	0	0	0	0	0	0	0	21	23	2	2	2	2	2	3	8	11	9	6	5	3	8	8	0	0	3	4	4	3	0	1	2	2	12	9	3	4	5	8	7	6	5	3	2	2	7	5	4	0	3	2	0	0	0	0	6	8	4	2	10	3	1	2	2	1	7	3	3	3	0	5	1	0	1	5	13	14	10	8	3	2	1	0	0	1	4	6	4	2	5	1	5	4	2	2	2	2	14	22	6	4	14	11	21	21	6	6	3	6	7	4	0	1	1	0	9	5	13	14	15	13	10	10	10	7	11	12	8	7
Wildtype:rpsJ	0	0	0	0	0	0	0	0	0	0	0	0	0	0	0	0	0	0	0	0	0	0	0	0	0	0	0	0	0	0	0	0	0	0	0	0	0	0	0	0	0	0	0	0	0	0	0	0	0	0	0	0	0	0	0	0	0	0	0	0	0	0	0	0	0	0	0	0	0	0	0	0	0	0	0	0	0	0	0	0	0	0	0	0	0	0	0	0	0	0	0	0	0	0	0	0	0	0	0	0	0	0	0	0	0	0	0	0	0	0	0	0	0	0	0	0	0	0	0	0	0	0	0	0	0	0	1	1	2	2	0	0	0	0	0	0	0	0	0	0	0	0	0	0	0	0	0	0	0	0	0	0	0	0	0	0	0	0	0	0	0	0	0	0	0	0	0	0	0	0	0	0	0	0	0	0	0	0	0	0	0	0	0	0	0	0	0	0	0	0	0	0	0	0	0	0	0	0	0	0	0	0	0	0	0	0	0	0	0	0	1	0	0	0	0	0	1	1	1	1	0	0	0	0	0	0	0	0	0	0	0	0	0	0	0	0	0	0	0	0	0	0	0	0
TOTAL READS:	11157002	11157002	16829072	16829072	14299418	14299418	13090479	13090479	10014760	10014760	13219350	13219350	13061797	13061797	10596913	10596913	10485263	10485263	11114662	11114662	14122997	14122997	12952227	12952227	11559071	11559071	9704356	9704356	13361088	13361088	12611213	12611213	11624217	11624217	13316055	13316055	9537527	9537527	11498849	11498849	14033075	14033075	12944191	12944191	16638270	16638270	14505941	14505941	15484691	15484691	15734456	15734456	10443322	10443322	11661186	11661186	10090599	10090599	10795203	10795203	13239845	13239845	10465727	10465727	11159937	11159937	9607629	9607629	13672514	13672514	11956178	11956178	11456619	11456619	10769004	10769004	11805214	11805214	11264319	11264319	12794504	12794504	10286524	10286524	10949999	10949999	13563186	13563186	12264287	12264287	16891678	16891678	12677805	12677805	9653756	9653756	13911484	13911484	11466408	11466408	12048089	12048089	10499101	10499101	14145509	14145509	16714849	16714849	10772215	10772215	15351433	15351433	12556264	12556264	10386285	10386285	12703274	12703274	12758372	12758372	9721338	9721338	11157002	11157002	16829072	16829072	14299418	14299418	13090479	13090479	10014760	10014760	13219350	13219350	13061797	13061797	10596913	10596913	10485263	10485263	11114662	11114662	14122997	14122997	12952227	12952227	11559071	11559071	9704356	9704356	13361088	13361088	12611213	12611213	11624217	11624217	13316055	13316055	9537527	9537527	11498849	11498849	14033075	14033075	12944191	12944191	16638270	16638270	14505941	14505941	15484691	15484691	15734456	15734456	10443322	10443322	11661186	11661186	10090599	10090599	10795203	10795203	13239845	13239845	10465727	10465727	11159937	11159937	9607629	9607629	13672514	13672514	11956178	11956178	11456619	11456619	10769004	10769004	11805214	11805214	11264319	11264319	12794504	12794504	10286524	10286524	10949999	10949999	13563186	13563186	12264287	12264287	16891678	16891678	12677805	12677805	9653756	9653756	13911484	13911484	11466408	11466408	12048089	12048089	10499101	10499101	14145509	14145509	16714849	16714849	10772215	10772215	15351433	15351433	12556264	12556264	10386285	10386285	12703274	12703274	12758372	12758372	9721338	9721338
